0.9896486938853554
0.2600248666888332
0.7192096726049851
0.4348254100017106
0.8370808187957974
0.4749132977458297
0.9999999207359382
0.9761744541298747
0.4198091282772092
0.5604593008966444
0.31592081531218663
0.9606009668276511
0.46910796793797893
0.9837503452309565
0.9938720230420206
0.2674997773334389
0.9999765415451591
0.4749352616626322
0.47475462604910734
0.26223583034402376
0.5906369637053019
0.9999999999997976
0.4044162038428337
0.4922845398697012
0.41507972002814464
0.4251643805895494
0.5632653581465213
0.477341978441858
0.3990533311960778
0.41032874099936245
0.5858498652948754
0.9723143133074731
0.5443316666332949
0.9294303517255108
0.5249693959250263
0.49740738071617696
0.4823960600564414
0.6617523975184689
0.5170493456769061
0.9999999203267765
0.6584641632596853
0.4073642581697763
0.5280416717169785
0.8710868097867068
0.19585580350015708
0.49250250435489995
0.9018508938300852
0.6115069428879958
0.5954970282271483
0.999998903512522
0.4483426888035368
0.40051727272605797
0.36092665457512907
0.4912092575276905
0.4910566026958054
0.2770920339029853
0.9992280167110211
0.31441018113790964
0.32996695285347366
0.48968037650580987
0.6825001913066187
0.3932976116224247
0.3378789097246183
0.41633239726311866
0.9999998608544117
0.47129502672840284
0.7281001190350473
0.4742501202124604
0.6537951266401931
0.3469419758543637
0.9855972791775605
0.4116822508875244
0.35415944385863773
0.546970013659523
0.2755144074852517
0.9292674544381377
0.221177738414019
0.9082198960442421
0.4102650912089958
0.2666038327705911
0.9940066209093941
0.9999955683047418
0.26290616960831703
0.5006011509727332
0.9025083418922542
0.552483124823273
0.3439395720497783
0.4356369458464041
0.4961057005898437
0.4511118204611547
0.22494477866823626
0.4119851714902717
0.19277804105961938
0.9999761796314048
0.2692546489528347
0.4823264238083873
0.9147771454488396
0.48175362527258225
0.6818367055054741
0.3695275003006169
0.44779198331398584
0.19869924166198683
0.46371124480179304
0.4441791598291198
0.3915690842147248
0.4406820875596994
0.4989329191445858
0.48577267313519135
0.6002826362378715
0.7213425136043121
0.28130010929283933
0.4859845869226309
0.48176431960915145
0.4492735620343522
0.989792246887085
0.4523174377825562
0.3196836368447882
0.9970827019114354
0.6904226066125168
0.49816289056647034
0.47353690254521297
0.9859650264982388
0.9949203733140302
0.9999997498330733
0.48130942414841993
0.2625716220022052
0.44100565191150465
0.4578127087459751
0.458150753494765
0.45097405116814193
0.465048093451389
0.4732267872351157
0.9986375553001261
0.4808035641897819
0.4700503453260855
0.9918643102831286
0.23147859175982965
0.32311155849622597
0.6280963178433585
0.5629552686976755
0.3389057938842991
0.48071054714654526
0.42140685710104764
0.5967163015732246
0.9939780712217341
0.5120356954431733
0.47007323531449485
0.48529508021464995
0.30258281423755284
0.4957807417517952
0.9999999935886987
0.47249358410808306
0.7100546389662475
0.9999999999997954
0.9733136646023799
0.19522031073774804
0.27306212026761845
0.22039190346752002
0.3891536259969054
0.5009287651652816
0.5674504612913235
0.4989441457987611
0.7666420810984581
0.42624463363083165
0.3995388795486079
0.4575826899853468
0.5175833904598832
0.5409862357946091
0.6193436190306134
0.9920933564882561
0.9999999998530977
0.22280579833105063
0.9999999998529976
0.2656012013655701
0.17576911059168177
0.3655153253296788
0.9999761137760684
0.4330313512762103
0.2754037374666076
0.5625259152658105
0.496749731240373
0.2977234729184268
0.7443103994321764
0.9999999999997959
0.6548490546824337
0.26941725944289086
0.14093516498866765
0.3703188653567976
0.4806707974248621
0.3437726051208494
0.2687266748917244
0.7072318455962943
0.4617162727831158
0.26303530593010094
0.4797874072889463
0.8117513886627448
0.9403752448106494
0.3610325705695986
0.7972788457535648
0.2679210594107211
0.5063496722568335
0.7615806523634991
0.40172336854505164
0.496385198378669
0.4497260693370835
0.9999989012178268
0.5987156795997437
0.9999999964350116
0.358610621257362
0.6100348754206881
0.9337063222903557
0.9999999999997936
0.4408725482002892
0.5043670614077693
0.33458547911485825
0.10968634506814867
0.4423107847198704
0.3582192841866547
0.49515035833529264
0.4946911837349711
0.4519988097832718
0.8633666738486419
0.9994175334810239
0.2589525950343673
0.9998327770472604
0.9942554396938708
0.3599076308014967
0.3414902645883209
0.37910644398185545
0.3978190230242995
0.24430147517200063
0.9999955886454408
0.24763044174038107
0.9999999443597167
0.31398295363523343
0.37733869716127333
0.38344583811924493
0.4845727632093566
0.5353725068282911
0.46742399517618327
0.4777248891778979
0.9999989053268802
0.3833239943641644
0.43966850090863296
0.5057787953979176
0.6847189487778895
0.5412544077251011
0.5050221880904504
0.32071213135952703
0.9757855755680044
0.2994587363111594
0.9999761108481137
0.8895176863887193
0.4839467759195437
0.49492493328952747
0.4822652909316212
0.8776443164438901
0.2812366135935839
0.5117840795113614
0.33233165541617393
0.570073190773523
0.34317930966449084
0.5389047506571046
0.5872794458765869
0.6318614949808392
0.6717056879285173
0.4275413727776871
0.4930472115114539
0.5288878817563569
0.9382334763535303
0.47605796554979274
0.4956633808026558
0.4665534926555932
0.2931728320229854
0.4316109578626727
0.34918550258051884
0.19835563338844087
0.4675149322900294
0.926768068092189
0.17844442215329703
0.42052804484489503
0.9999955586276345
0.45899993578161613
0.5193418563110368
0.6971205857037523
0.22930587606904995
0.9994866806498477
0.9906063661080902
0.8856060574311098
0.3443193033267449
0.4828368479428915
0.9999999203029599
0.4226094138615516
0.5137239128347559
0.6666264694288745
0.366200742449727
0.49845473204002766
0.28103322635510175
0.2864070199949236
0.3439234016004208
0.30367121931504715
0.5396372962921612
0.4128263665072054
0.49965127227643136
0.41688654466197295
0.9023450914179797
0.4056949067361715
0.434863761161583
0.45959828770199607
0.3651424387962062
0.9670522643469183
0.7706068390870838
0.46479286307280854
0.4827464748952027
0.44931315773274483
0.9529705748372151
0.5444512329140436
0.9999955861824295
0.4360422477099337
0.3233108960618841
0.2736186383444691
0.9816222605827899
0.6342351603960151
0.9484675130963125
0.5009093048539061
0.544024580818824
0.9948991401515571
0.38361237515368996
0.8406498785154818
0.5741665843046877
0.368380086155904
0.8313626174214203
0.5211599588032167
0.6820690254812762
0.6232943267782827
0.3856993053889488
0.398089529138862
0.25742608916387333
0.46665002903196895
0.40515113390296364
0.5678119574742827
0.423006909212731
0.36800072218420843
0.9906608448857013
0.5565325764425892
0.3473913209397098
0.4175765136340719
0.5261876492840865
0.44986239847664833
0.3972778082731875
0.3942984270524358
0.3921681889923001
0.45977113840939565
0.3804526784513249
0.4290987041383816
0.4544885697618455
0.3726082729873459
0.45692076267814696
0.5020343535945488
0.4649362066209807
0.38267103633215716
0.6136997104711652
0.4676923061171191
0.5225343199973773
0.5384753049997758
0.4881759717268811
0.5635494750354055
0.5636072055638939
0.26621433316802123
0.8645849443286274
0.9971330801907183
0.34803036261082976
0.28081008531887686
0.993926103500025
0.9525360526467075
0.6044476163805872
0.28182297690606517
0.9519449559406342
0.34994663514725755
0.49221143617797836
0.3824755544292118
0.4941574552455238
0.8722684299796745
0.7026081540930562
0.43004931968372784
0.6181647236927601
0.4989079941538703
0.8308743929564397
0.9999058380502838
0.48531227437471713
0.30890437541674665
0.27020455658288123
0.8376754264764481
0.38758010770112405
0.5113483762865312
0.48858504014629
0.5079675874682439
0.8712313232148414
0.23287446791004607
0.4060614647667715
0.6900634765322424
0.9455207938219243
0.2821723250703254
0.453262821195769
0.49038691471356566
0.8047887849179554
0.9999955608019884
0.5173318415560015
0.2328223515069835
0.4913329218232182
0.9999534411852665
0.4129435891633042
0.2738707501241271
0.44997634456092583
0.29613957534791624
0.7858681744541508
0.9938902790787597
0.49520766346934186
0.4289560701855455
0.4694044382681133
0.5520814636050992
0.9287041139085676
0.29194242619009925
0.3975042636871168
0.9992952993076893
0.9938931243543163
0.7661083687489659
0.9828578185196174
0.29519530845256103
0.4960087266051637
0.8643551209124933
0.4732569199426937
0.4181053168866766
0.48618977683767395
0.3429321029662895
0.43432797241612386
0.5711323956256982
0.339022521114835
0.9999761533220414
0.831947607925343
0.6042535053465
0.6919702894678438
0.9293480110398467
0.9996568671589237
0.7969479690140006
0.7456195563406574
0.3927059763429166
0.9336604642598445
0.3119826864460775
0.9308732356158025
0.3100845605719279
0.4238419546471137
0.41709866851381816
0.2314162452313565
0.3295339728285356
0.49911974711713414
0.3928145614060463
0.44431712979257865
0.4580524879190826
0.40731944731649206
0.4692798483317746
0.3728691443311476
0.19287799264043903
0.4000546490455641
0.9999999999999818
0.4936246017185191
0.9859492138771154
0.8003382465291033
0.9965350401101515
0.8410308639619706
0.6625797105882987
0.5779356152794884
0.4382648394721259
0.4770046006936206
0.5497027857642129
0.44985357235307266
0.4910375348219058
0.2739107426129739
0.4894463180199462
0.17837734648842285
0.4599527286270657
0.9857796477750985
0.9856346226796427
0.999953358308084
0.9938852328957116
0.6222171503648282
0.5619510178168479
0.449656763606865
0.27175652398852035
0.5650999559147094
0.47077880040644615
0.5150420270828149
0.9999764885868248
0.5206538635054366
0.837953816315049
0.8638785290606383
0.31645968357386045
0.30364536083932003
0.48266506034609225
0.5936646630589948
0.6587234389205427
0.33950223844603444
0.975666656604859
0.4655313866082722
0.44060030439768694
0.9939148806870994
0.6910168031594212
0.5416730112915229
0.45251195085938634
0.47707450205447666
0.5384770692255678
0.2872135704550369
0.4179721559744951
0.5296136525226574
0.9030541934290761
0.9993019349764085
0.9942412985106501
0.6715689489509191
0.23449080159684288
0.9508942319956375
0.07943095888103924
0.43569123724873227
0.9985246519908767
0.38742101255002936
0.48198464823495857
0.38357551524357103
0.998819550421691
0.9818288149830373
0.44642938270264
0.28208213867220555
0.2883792775501062
0.3569207068768866
0.2873237206475524
0.4955377556809286
0.9999999999989526
0.4433033867505991
0.5818867538185826
0.3594529770296505
0.2808657617496879
0.16976073216120846
0.4620261657347301
0.4366798378189545
0.9270627133152718
0.49955239557765885
0.47033734449173836
0.382618074634242
0.3737919240197286
0.49718938608609275
0.47011817581317605
0.9030509139752106
0.9549952891608882
0.5163025517598279
0.9999760432658017
0.482115022364639
0.26586041122515447
0.9801074808382552
0.9953506214980448
0.5033355084226772
0.9445857380205398
0.22717519585601165
0.43301990561026094
0.48017672996816385
0.26397756001131667
0.5732960816957223
0.9999955602393555
0.35671311598578537
0.9999999726692493
0.9806096817343251
0.3360055944678335
0.9800268761136908
0.38126243171086616
0.8554706622038948
0.31293910761199584
0.4119084567729737
0.43387605272727237
0.24285080748382826
0.20292552007404352
0.2878087798151163
0.5270349382056942
0.39658273862480387
0.4185598372578282
0.5023404099143158
0.48119932352769734
0.8633514365144646
0.6185486004525488
0.5958698805705658
0.4679300727170469
0.27524000103159096
0.39618353977145904
0.9756237753259713
0.32181498885946314
0.8672208091128191
0.7749688477053674
0.5023878752930537
0.5100037499454138
0.2936478780331616
0.23004487301448495
0.7994346815195504
0.5140858996847963
0.24521489096586346
0.5399778012832097
0.2899928534288262
0.3738416352282883
0.5241151310465272
0.3828207716640729
0.2720403639352871
0.9230161770437822
0.40549041878890735
0.5952427034421434
0.999999999999796
0.3317742135120574
0.837802077062539
0.9999999999971149
0.4978144234172689
0.9122016667337423
0.40678238686952994
0.9999999999997949
0.6712075189884003
0.3453859808191092
0.31242377709235714
0.5447266538862188
0.6208559236838295
0.47530662552588054
0.3938094900247213
0.2631756264835098
0.5037227435489531
0.376566349762699
0.47663951085943634
0.528392731773446
0.30406511442591244
0.2603875631930508
0.4203672193900887
0.49306443099579966
0.48060701420921437
0.3486072890284131
0.511827437152372
0.2903926438363471
0.4547976900259286
0.24777992672848892
0.4280683851438699
0.45785599385806874
0.4891916336354032
0.43609284528875103
0.427881875889517
0.323862085188136
0.4868311582792073
0.5565514785102352
0.47376114600561103
0.998636027633243
0.48633686987632196
0.4775737021726798
0.33267818337236643
0.4355303186816434
0.9992187853555782
0.5718272841082312
0.6705515698348152
0.6761954618058186
0.73020354113043
0.9999989038934343
0.49909493435363705
0.45627655088463714
0.47603107674673706
0.32277758226630326
0.5663934400037838
0.6371968589037562
0.6714401279865818
0.34847053790516824
0.5055944324363861
0.40183573264004413
0.5563112817359248
0.6115228907159336
0.7138433174582088
0.29189400798860465
0.44530740473461905
0.36961802670746224
0.6103746610993344
0.2713513341775471
0.4990529509941718
0.9942494742802245
0.2663821421982153
0.5796048581400246
0.98905920456822
0.9659110835418979
0.28153629360048715
0.5191246578557956
0.3669053133225014
0.3688683102550825
0.2846093053935649
0.8956048171452524
0.5300604112927465
0.45533376567541717
0.4850811168492297
0.24243046306563143
0.41612719077662486
0.5831850947369179
0.5399600057972662
0.9999999729117035
0.587187984231244
0.1410889657198945
0.2646487540920669
0.609224196172221
0.44507307296323606
0.5693263160332561
0.6735036232550811
0.9999999999989526
0.422865303614152
0.37976827659680823
0.444484521046697
0.4579476112723655
0.44714748864140785
0.5933862909177381
0.49400144070885066
0.47460451808630977
0.2717326846465259
0.46074703545664875
0.9978528737737115
0.5870657189629978
0.42378933566580823
0.2951441644488729
0.4387847816399626
0.2610721911212328
0.5052017963328376
0.5842163732267314
0.19636915717816517
0.9999761524356294
0.4039446241566653
0.174890909757478
0.5490278005038721
0.5871752934839785
0.2937768334272802
0.4426273371952798
0.9756198448333789
0.9999989001106275
0.3623530936166651
0.5275201827470848
0.43085069104581697
0.23592797581097702
0.9757093175264605
0.9999999208172416
0.5179503487819106
0.28601848294609533
0.5117046447455895
0.4739677622350341
0.9815753046239633
0.2297344158573067
0.8309884630362467
0.9999998605430312
0.26168979795681335
0.8300539946018243
0.2691073848616269
0.33207920881676234
0.4304281161567861
0.48954791182819335
0.8311047209767358
0.49947007812366917
0.5740181738082688
0.4765308327766147
0.4376428595405615
0.9800442085747152
0.9999999935873154
0.9986415017258448
0.7206495792199252
0.9999989200354308
0.26473889713629983
0.739091425671137
0.5792818911359006
0.999999999999982
0.5194405924681456
0.18573110457414632
0.49640060705686395
0.5750015279650895
0.37575270319510623
0.5341531424412511
0.44289216194834025
0.9999540387401328
0.4982027434301409
0.3828961570034476
0.5621408148581781
0.6907208896165078
0.9965137452518303
0.9999999501990997
0.27265501230521705
0.3713208512333699
0.4862059350270701
0.9941582459326764
0.3238472003608235
0.8739814351263392
0.27162026527307437
0.9828731872763251
0.2968949152112278
0.30520852831823975
0.2668761168057254
0.989108953798271
0.5458528336069568
0.9997938104491195
0.9999999998530962
0.5377071840991859
0.9970938843469119
0.5797278082713765
0.6707363880142199
0.47477585555105006
0.28778347075214195
0.47185562130254943
0.20671155311904532
0.8056846449013628
0.7264526372749724
0.9805665140199459
0.47540743394620555
0.4870957152742844
0.48833563778337064
0.605751813696825
0.9733436328316245
0.2669534366336609
0.9999536038312843
0.49244301050520556
0.48208720663225335
0.46679227237177834
0.9829077988456496
0.5002014113741828
0.5032865696821276
0.41383231210047144
0.433465226586616
0.4941487325282018
0.47856557332663785
0.9999988961771918
0.815799750588544
0.7983671244919387
0.4688505970978717
0.8664211074769325
0.6586677978593539
0.48899345539566585
0.4639184361308277
0.29451980810545253
0.5628527392626324
0.5148145553695306
0.4796734736387924
0.6632383871408116
0.2771017208337627
0.26705078333473
0.5329193479728958
0.9269867119866448
0.4815007128527574
0.7960642571096048
0.4366212101447522
0.7216071521083371
0.49719740619525554
0.5143221315077624
0.4994089753915175
0.38344260886697135
0.967025860696098
0.2618556892845747
0.9969562704206181
0.6074465684975958
0.5251057042605606
0.9335734526349561
0.2637745654363275
0.5555492297243745
0.38016629251207323
0.40622938817371357
0.4882296928825287
0.5029564152256956
0.33706812458121116
0.43456942938132637
0.6975902789363397
0.6795244482132522
0.4109232499043768
0.42219318101053527
0.9757322170021132
0.28089863940544135
0.37244351384498675
0.9999999998529434
0.4820182517222398
0.6753745915078594
0.9891082377914636
0.4612257399395695
0.5897616567642313
0.42604436384754063
0.4443866156829752
0.3172062886902519
0.5005416653545528
0.6066385552986242
0.6375558127893299
0.47284033416969884
0.9445613818647338
0.4623500080347773
0.7593690589255764
0.4897909460329982
0.32651538315173034
0.6054783479079873
0.9999989005237264
0.22772517251612212
0.27085533526978745
0.41659841669332665
0.35922787857706495
0.5625556559267418
0.9986371746015908
0.9530221850134085
0.4941292242908557
0.8551866826956478
0.641503772285934
0.46859603052720966
0.22081988338962766
0.9992133341105625
0.871416800824511
0.4718472135547187
0.5240948441998824
0.5798790761873575
0.989837121095199
0.5957487071958554
0.563237901975534
0.3416430674193782
0.3440969604937324
0.4707396641826307
0.4084057769869449
0.3346791219953792
0.7663176629471019
0.4873789267836597
0.9999760967031753
0.5599188550801559
0.5881531676475037
0.510311198602424
0.25781060824630164
0.2857097514031758
0.4733669608566007
0.6266198455065152
0.9949363396117341
0.4301156724225321
0.49628528301571495
0.9294374006597564
0.4423738416754791
0.48187232203687713
0.5135497188124889
0.9999762090377975
0.6280232864421608
0.4657035996742922
0.98915037566874
0.9897603533287666
0.5141292898138614
0.6911823103683187
0.3021596899275082
0.9970717018030356
0.5997705982502537
0.6807329119092957
0.47205137199117586
0.47121031129039237
0.44656876842873794
0.4282115145826163
0.9824883180341079
0.8218289932982428
0.4895680625543889
0.30682274280356003
0.5388854160864717
0.26119508631232313
0.2208232983629257
0.3768821957712699
0.4654710981387554
0.1930680077699929
0.8379628235059977
0.48509410913958007
0.9650796854520493
0.7893732732861884
0.982830785614083
0.4895681755971647
0.47957110020233806
0.47187565356620753
0.2875690276373759
0.4092694556016476
0.7008980282153319
0.4388214543549873
0.29196065245764513
0.320708440616857
0.260960086258049
0.671385608758529
0.9999999982503002
0.4892433896554973
0.9758940895717876
0.9999999203201025
0.473805992503436
0.9939152118017874
0.8864672149089438
0.45410230017337627
0.9999999212575603
0.4743403424124619
0.8642769175410947
0.421372142975203
0.8311376622152432
0.5081684073166781
0.5844834166275913
0.363308590426905
0.5882116315393024
0.998926168046039
0.9897099781346854
0.5140232365451736
0.9241352140619219
0.5154962853863858
0.9999999999997966
0.9999989162544511
0.32437079948654735
0.19283466630706236
0.34482985039789205
0.679331138494071
0.8874179640234615
0.5012419259863017
0.884570200543405
0.9970922796524893
0.2894747791877782
0.2146963587908527
0.950979958177013
0.7229325579362658
0.9883541419761471
0.3948465802546921
0.4787575623830803
0.3717762442317024
0.6122413365227499
0.18742735978434122
0.4647990935289902
0.39924147454817116
0.8055589674902203
0.8434715195059673
0.4498814487188827
0.8815282726550212
0.6817467938282975
0.575191345137888
0.8740232614024652
0.42245293010598484
0.9920932537337117
0.4388858034824673
0.5594066795310995
0.46824552349414617
0.32857418088377
0.5679088062912732
0.4824923937360881
0.9999778078092021
0.2409254464722852
0.1810743337449746
0.28182553057404336
0.6115663441553483
0.20224194823431518
0.2589947429035644
0.44659445634591777
0.496690358257438
0.9999542540020065
0.953081228979686
0.19864865202472837
0.43039284046237125
0.49925560522443413
0.6065741965855039
0.26842653401598926
0.06958698108157646
0.4810596991539372
0.40502508818851657
0.3025934953127182
0.39816805166754976
0.4632220790532885
0.4117176311785844
0.36589765315454337
0.9999999999997956
0.7293875081797643
0.33182122342835896
0.9938966916376047
0.48713635441675185
0.9997943447758894
0.4354496515616939
0.38821937348838775
0.9971050691381628
0.48906540092236905
0.32213580739923475
0.9818433903915202
0.500804451078979
0.6315369745045663
0.49677861951092084
0.43572175689731873
0.9939010310679715
0.44227345406201857
0.5201320192982591
0.20674623818009175
0.5707461545520356
0.4407209940630701
0.6876511127819245
0.8383286144089913
0.9984171939028254
0.35013888320087694
0.9938954980392437
0.33880483388048355
0.39999334135424247
0.6081331596267145
0.9994623895044642
0.2485341195486349
0.5066244773658459
0.6026788306667938
0.8770408253231228
0.2189613081905757
0.5622680884656563
0.4675605564854324
0.44114939510671625
0.2650822792683516
0.9856451600983794
0.3099357099378911
0.4727168578988812
0.6323297840550006
0.32351596241770075
0.9999904200254889
0.49025052183032536
0.49081028972928986
0.46626552351859574
0.9999955715630384
0.37684617518435426
0.2663806854780567
0.3113946870472616
0.4777938288158109
0.8434208175009958
0.5411689761087001
0.2726763949570642
0.40948709192381516
0.39479731570383336
0.26638243028725517
0.9999761073213637
0.40035647457067336
0.999999920750864
0.44908243055291674
0.5200493777001647
0.8069503246437074
0.5044676107282806
0.4607661496825326
0.5800113870530337
0.48099444407768666
0.42266946178341425
0.9999999999997953
0.3577252784490479
0.4823813024297702
0.42012283746138357
0.9999999999999819
0.4634308213721944
0.48041439201534164
0.45834412888107035
0.339174353990809
0.26826403545191035
0.9706449485110552
0.4992582925509491
0.31692389134684995
0.45200459194772613
0.4474518801394963
0.35347986193067404
0.6752431976909168
0.29707656884550426
0.5184750734871861
0.4959123420845698
0.8308773299368485
0.34260015675577205
0.5019701765932776
0.999998920285482
0.9996633375804663
0.5266574954705523
0.9585431501116843
0.9594148285965278
0.6221444038900783
0.4524645531638528
0.6140294666636494
0.44767426718211045
0.49142229822231465
0.433487549419573
0.5780259634735094
0.4863740862832341
0.49956800857794903
0.4280519722386783
0.7364758677427798
0.9130530866455822
0.5707386083222589
0.20514266387670788
0.24983388394647066
0.5207617050869968
0.4252997429925245
0.4274460302654297
0.49190496474742273
0.9999782203614251
0.5779288381923251
0.9486285795621376
0.49525045523228883
0.993924153552756
0.6096516931548296
0.4814120696367057
0.5049526508781019
0.45261727787955885
0.47407579396429644
0.9997940075353325
0.2620756084888646
0.17117228178269572
0.989767550933947
0.9988209660519164
0.8084922370021395
0.9029554011716306
0.5010310944703424
0.4500816470909641
0.581925581115021
0.6524507963545404
0.44196341649583193
0.8720346750742982
0.4654829414699393
0.32121443886821655
0.4751475595526671
0.43921586388446254
0.35606290266595875
0.409543624643083
0.4442815608153484
0.39298578873966017
0.9860799800667336
0.9896724962036163
0.38087233556541056
0.999995560077783
0.391504265543276
0.7467990670274315
0.2854938897611271
0.4567448029636719
0.6097513547621789
0.4946952027337169
0.8302034223762645
0.42697216909047575
0.5499902462255887
0.9529223301216864
0.7989284461448892
0.49693713247969096
0.4610970213488995
0.8764829575833821
0.5292923293431273
0.42986839406472543
0.5029957943241645
0.628509103345032
0.9999538214742287
0.9349513210787621
0.471175909313427
0.8553468610111229
0.9999956153260776
0.527370615517039
0.21545370165644173
0.38292172717172157
0.9441211105898434
0.4702479443462724
0.411277179481525
0.5208458301936365
0.8804280856569551
0.9914586737701362
0.4878561673372128
0.2901356847130343
0.9999999999989644
0.9730119411187916
0.393809866768705
0.9999988999085341
0.2608564972338492
0.5491887408893839
0.4523529596370438
0.37556487923846427
0.4423621184409321
0.420761889468671
0.5877434618356538
0.625795311016909
0.4397910714934784
0.9999901600052474
0.622665730651135
0.41739309971169625
0.9999768114814256
0.27421057167597196
0.9999999936423916
0.7817792208599262
0.4869132585924485
0.31959432573900126
0.9976822566633625
0.994791466740808
0.4408200772189048
0.4862379462993913
0.9560399361854754
0.9964405747257317
0.441599942815495
0.9641528621565499
0.45232279933293285
0.9999972289196707
0.9999999999999817
0.42086853365659627
0.5066569935943527
0.9999999936057746
0.17921032584869567
0.9999999999997949
0.9830029354030161
0.3778124579281077
0.8445244068895695
0.3502424560340389
0.49357914810492143
0.20987824539856237
0.8645648694197796
0.43936753911659165
0.9999999502335168
0.5979043638139253
0.6599289651268054
0.9522949757684409
0.48281924833576706
0.4342139378010408
0.49256171766251133
0.47773597938791645
0.4761080632632948
0.5128851203886629
0.46973318603230196
0.9890918923955174
0.9935629200664697
0.5086494060647959
0.49878214361728046
0.2973161649313113
0.4682911701376816
0.49592213981349387
0.4125405397540305
0.4830296043425769
0.8398896614074509
0.48909871283342166
0.28765269417502726
0.4862185872974435
0.967029965647596
0.2729793232422082
0.40953958901392407
0.9028397567001626
0.512348340687984
0.4387113477651293
0.2611611173717123
0.27404415339689303
0.9574241878055817
0.2173819987861647
0.4746892723521081
0.6934414685899319
0.3477324275393965
0.1682269974625734
0.6331590084026733
0.3801447829796649
0.3734834076545501
0.8553093525976045
0.41099283832822964
0.2966934487270044
0.9316899503683903
0.43318616886082784
0.5009330756206247
0.2781820371839374
0.42909830611333766
0.5630140349575201
0.9998806337923659
0.994894547333487
0.22778072710257502
0.9488643052851986
0.1789352867453512
0.29009431192720125
0.32864355478982643
0.3808476938419436
0.8010603213655612
0.4812202770958457
0.4454216957860623
0.45381038635594906
0.999460696242747
0.9094085954273492
0.20417960351679532
0.9999533033387515
0.322212739231976
0.5090097753033543
0.7198928250069722
0.49079931853899883
0.47709443091307646
0.4604173416653292
0.5504977246618827
0.4679234504248593
0.4755108305480569
0.8999654880250962
0.2974530133110326
0.41332394818017604
0.4096075375272157
0.15930601013518575
0.9999999202511448
0.9999955607970886
0.44058899397855156
0.5467415378530733
0.9781137373820475
0.3267128954180879
0.31967459092809747
0.4967882568896721
0.5445200144786468
0.4527192271068786
0.9999533456880394
0.5098212277687035
0.9999999999999816
0.4312551630973108
0.3228519427198122
0.49561670323529927
0.9949134364861334
0.5046718399900902
0.3723918705491993
0.2640896436013772
0.347212222815766
0.8648438641409568
0.9994606974427716
0.4955515904086609
0.44162792249246263
0.3555129730946991
0.4750506665132057
0.46105951556782143
0.6184521128730156
0.9999999998534373
0.9999999208899195
0.5470817858151121
0.6115206853855373
0.9896567116686149
0.4915688746715722
0.5034791337958212
0.4888511624392792
0.9999999999999816
0.9942493574163375
0.5512197134650518
0.27516638520772296
0.9641743112148657
0.41987593775810395
0.3225237507022888
0.9897421284223019
0.452964849814818
0.4759894291267326
0.5864459287075512
0.40083247674221945
0.2275887545659362
0.9999955738871918
0.6334115712246775
0.999995564627404
0.5655202501748995
0.5147907177036719
0.32948669259056707
0.11672100574059119
0.43229844383675753
0.7135022746440243
0.4802740336607151
0.2960245206046451
0.9999999999989663
0.5048751019771472
0.7464129623188858
0.3133204218386504
0.46526344278309206
0.34478028200414856
0.9994430785158639
0.32286218186857985
0.5534302199959624
0.3014843813322149
0.30167096051251274
0.4590490316297944
0.3605186636968688
0.5658702973291078
0.3723867245403655
0.2874608850389708
0.8815544299334522
0.31763259521860465
0.886904985162374
0.5068098161029064
0.380832589195788
0.30701552572488244
0.27932321010703254
0.6084206731881034
0.2768635709814975
0.9999999936269854
0.6441827363557542
0.504792381190396
0.3604578516189513
0.35764508158622543
0.23778836741946263
0.9988217324409179
0.4639405146889105
0.22772740958283
0.45662744842905767
0.47753672686149895
0.40057426136482277
0.6693512446771694
0.3956299553099967
0.26386922417133096
0.4543387939076756
0.3578463114260183
0.9984278151578723
0.9589121374943812
0.5120785961789727
0.4932422059625615
0.30931902742845296
0.4544453811926543
0.9758956461123228
0.47329175452608796
0.686681258287277
0.47368140246470813
0.47628367134011285
0.22369983931318727
0.32343144465015994
0.29770071611757687
0.4289552447386228
0.25201736901129757
0.9999955640062582
0.4721148717119139
0.3883483059541607
0.44207322346022815
0.40481589825261943
0.5976499262771429
0.9757365262801245
0.5399187512725405
0.5237923474756778
0.4526559830810084
0.4564221736994587
0.35527417161536057
0.23110130724468714
0.2575919053602497
0.39949155745037235
0.4462178476096986
0.4899949798408809
0.24813045665352862
0.933618880225856
0.9576609075122613
0.9642883881339833
0.4771968155909647
0.9999546379654274
0.1859521966052181
0.9855970231680651
0.7277936188925405
0.3043055406602967
0.9999999501859791
0.9997935938755611
0.9857730309570236
0.9999999999989747
0.37743977788515914
0.5393265997259598
0.4150748949755403
0.2866022377343669
0.5832415341341644
0.37622736583733674
0.9949098537809016
0.3177852150543281
0.29007417563734406
0.5370708587018782
0.37069553444995484
0.2739950086649876
0.5408420941227652
0.3112219808240615
0.40306410367767176
0.9937514506143532
0.8948353604915089
0.4024265074033553
0.9988215070907993
0.269881653860609
0.39928941958506126
0.3950024008321823
0.4952074686829274
0.3560963782738755
0.999998845555958
0.2067994380374495
0.17388918531721198
0.47447664502084264
0.3459265627824737
0.2877469547312642
0.9731985627544373
0.41996078320224506
0.32307162666973976
0.3713402045019185
0.989661335474378
0.48563200459921274
0.5131929660803705
0.5736916360847721
0.47954146668615205
0.9023132851721676
0.40712277492142523
0.9984353338197985
0.9803716689423021
0.4379746590124328
0.9847177988228806
0.39224218699898195
0.9992155266894511
0.6680726893155791
0.30569668965283225
0.4427460446121807
0.9999895266705108
0.3673639145157992
0.42411626746853925
0.6278290564015993
0.7345064146549853
0.4922420974776476
0.6112160359450282
0.22771614009638774
0.39901441407828964
0.4886635239306022
0.34409663023229864
0.3127425464668536
0.9999955751920685
0.5250195925207629
0.45896292234809477
0.49980450387774233
0.6805847279011055
0.48832090824593977
0.8337652282620226
0.712213579970816
0.621667740070911
0.9984333329331467
0.5922385950000214
0.49566440311807247
0.476577716504481
0.9074911196376944
0.2809305951046176
0.4971906172944559
0.19314396128369515
0.847226723592072
0.3397693832568509
0.29841060656198926
0.27504026309689533
0.4816127522314294
0.48422157561309376
0.4672274940724701
0.3842469216059483
0.559646830795708
0.26738154880220566
0.49142592024171305
0.4147513770136855
0.11549616629457438
0.5279262702323322
0.8707683634365353
0.6325538080673488
0.5126751769021799
0.9335606352962347
0.4865287999364275
0.9999989199503312
0.9665428962797052
0.5569823501440616
0.9821338147383109
0.4968996781743593
0.4606388888167303
0.40845692287360613
0.38403190556612665
0.5686092980388071
0.5945992717779328
0.4851447029205034
0.9989265279202504
0.2905914838756347
0.9896615627982125
0.6624229163335826
0.9334869804413881
0.4576038323923476
0.44098759477539173
0.26825290265628765
0.6995612832026312
0.523108401628773
0.45565074682578877
0.3877947096047626
0.5331057117748834
0.41511231795079995
0.3522400025698995
0.19173186560397393
0.4347567322575526
0.7393465260945463
0.48386007994386193
0.3426940193263531
0.4826049868927311
0.3863594843247573
0.2605642372749052
0.6725858053949694
0.4375018240038707
0.6277024855988496
0.5617698224439945
0.8876240451081839
0.42504691051929067
0.4348758087119381
0.4839886702355046
0.7856396401114794
0.5695071136211658
0.4622789312516584
0.3002457652261469
0.18412878875715677
0.9999988332355664
0.4119004125752008
0.7004265725245664
0.9513976786327376
0.3480429488060457
0.32110209844425164
0.772272010034398
0.9815765428879345
0.29443359115604295
0.9999761651919383
0.3778854612933681
0.983737591411461
0.9988169541528827
0.6470461061927049
0.9981924316930008
0.4819003371433641
0.6477758126010764
0.7215243917381696
0.29634999645614624
0.3892262721421711
0.9736393634499992
0.4560275389766485
0.43033321846446215
0.9834692951957179
0.18500863042165383
0.30412816053206737
0.934090484816346
0.2804387221069755
0.448230848698177
0.48105006335971434
0.41382881859375564
0.41726394054944416
0.9891557671329226
0.993556951598093
0.9960364275709469
0.9999999950082594
0.2984936961543888
0.4860911057372501
0.5012870042704671
0.21908561370559776
0.999663525293105
0.5982432879940596
0.4835965454747314
0.9059370591536431
0.9529028680191642
0.9965131050942384
0.38580869129700357
0.9992194890361141
0.520757757102843
0.4213762568634284
0.10065739191962075
0.4243914144425829
0.24084146104909132
0.5254872618569673
0.4932474358490585
0.39355469488554773
0.42965837370040305
0.5049728977711745
0.5740146811873978
0.28447982456821996
0.9999999998528396
0.5505424703037218
0.1364605992315966
0.9485231932490599
0.9999999727532464
0.632634781969555
0.9760925243259265
0.38050355559526716
0.9956584249791599
0.4544694301040285
0.655712180305108
0.6377490796431946
0.3038020679299188
0.9997934037656829
0.6542133901783389
0.4545922158319965
0.47959785665043986
0.45054615026642897
0.48818901422852934
0.9999999998528559
0.5117478139007979
0.7123403807570475
0.9999999999997943
0.509420208204417
0.48923191635571084
0.472522249164981
0.9338261173820699
0.4114028264838788
0.3018560955502605
0.18023242024276265
0.4683304159433882
0.4508373725996959
0.9999999999997943
0.40267904871111726
0.5052577427351481
0.4916056089282328
0.494979189268406
0.2573396076097271
0.4617469342505287
0.5443013490689806
0.4150657245038849
0.4688184143685161
0.3362719975562445
0.5129434385390683
0.999999999999015
0.546459913569229
0.4618138703477086
0.5446394941386262
0.5701342666796787
0.48214542402906224
0.9964124167039362
0.490214512225833
0.50065078635784
0.27238786390579695
0.5457445579042253
0.9939039018506193
0.5021405733314201
0.5428065430235592
0.44819781934570846
0.6262106676023929
0.7228146296852457
0.36707123969908506
0.7693539026983491
0.8524555767327021
0.2767313519605721
0.4091451262620689
0.5296846288053028
0.933454269389271
0.4743741293252084
0.998817568622382
0.4170526667962806
0.9761839055688358
0.4979941033987293
0.2749705559948141
0.4470481936880889
0.4287040169602746
0.6578143294398913
0.26622515076814324
0.4968441703645602
0.6883989005243656
0.19272857681584055
0.6766423384782267
0.4160429627683334
0.9846179493402837
0.6424541282651131
0.9097769274245249
0.535777747090604
0.45772421246914907
0.48354379027001126
0.6198837730481812
0.42298408326793435
0.3684962546197945
0.46332916363004484
0.9906241016751405
0.2067532214643173
0.3934100585924887
0.8639340722285825
0.9999989039127067
0.1977593071914452
0.3877949327228919
0.7822674122147877
0.2812214147997649
0.4715916968612004
0.274080176887901
0.26181854637777735
0.5960366901314813
0.9542691019432927
0.9988947526599397
0.49547179220883486
0.9999999999999815
0.9939329109520952
0.5093425247956233
0.6119149914168467
0.27580237201820323
0.44196865936052354
0.9364018522974071
0.5028865318376299
0.4812107880077584
0.9999999999989676
0.5014433205415851
0.45451881456667476
0.2805146926717922
0.982069436335009
0.9023310456718453
0.5043720458018173
0.5014669790591524
0.3871946968655666
0.46185726581263853
0.43202754200094984
0.4519015921087023
0.26537915791325195
0.43785571587660777
0.4976081745280726
0.49690632131100265
0.5635728583287982
0.8457479399632538
0.840207865457564
0.5502393195241716
0.6245821561527285
0.6724125032522894
0.37377853195073296
0.999976594314046
0.9999994687678606
0.2549022537186939
0.4828022736105648
0.8778864733888191
0.9999533106933498
0.4956192002532762
0.4783018170845884
0.9774125202934455
0.4796701981257011
0.19925372973350253
0.9999999982871974
0.5007505757518612
0.5460110430521508
0.44941217605746975
0.4570893655650867
0.47284986566422205
0.39866080941733606
0.26849421573361765
0.49287723554721885
0.9334474352553105
0.5570928379670216
0.4023846969082058
0.265197842106221
0.607111481732052
0.28084509149025605
0.4347102802392564
0.45344425771126073
0.9665232478373849
0.899839660109465
0.632428928093046
0.4916397766651155
0.3788175475250056
0.4939071309067937
0.9051997538873093
0.999999613069154
0.5301068131684197
0.9999999999989532
0.8649972063053843
0.47380486696536617
0.5197592966089277
0.4935933269709952
0.4990545395536269
0.4486172074842254
0.45846931886459186
0.507331312956137
0.3667281745026869
0.6421461388570462
0.4220098956488848
0.38848639670357743
0.4721642610901928
0.4508417465974448
0.2901497771730187
0.860432372556444
0.7264092084995198
0.999999993572595
0.6281337340510913
0.4331535499390151
0.7215235508654242
0.9999999217061646
0.3757478669933786
0.3173581603160016
0.9999999999999817
0.4215027399874687
0.5024214159971565
0.6536178579880945
0.9953733525391385
0.9999999999997926
0.4968019759369091
0.47370318519031895
0.48333311909329757
0.2684939681422338
0.4083230000663809
0.3342989793224447
0.4800640480042103
0.48535360027578245
0.9757929110217168
0.547847430856688
0.5317552422583826
0.48424827218627065
0.9999762213804002
0.6837919324148221
0.6352897396727087
0.3031879409423932
0.6022778981751957
0.3042532841930887
0.9485686539901876
0.4260560817539212
0.4013457281811773
0.9949188252286483
0.47053678074684024
0.8543034981574628
0.27830932014169985
0.22116872375124064
0.2244378310088092
0.27741194036899985
0.48397095094361275
0.9999533226180936
0.45706404144377555
0.4628966242848198
0.6589103288325705
0.4636484008848154
0.983736716262531
0.8303686800775423
0.6626641501313636
0.40033662918254675
0.9938710928292032
0.4993265894440313
0.8638558094466862
0.4342468288322119
0.9999999999997945
0.975868825183906
0.9523921792605532
0.5234654295202532
0.39176306178106945
0.46476464465774925
0.45668203272372365
0.7683087232456748
0.37913111029393576
0.5976000544514486
0.27990547654395925
0.4245268573810076
0.265421288637984
0.9999999999989584
0.49078474390875193
0.4354687437670981
0.7493497418969632
0.5143181185899506
0.47074398198462897
0.6593319367477082
0.4026614022819809
0.4107005999882962
0.3041381458063146
0.25745200853683514
0.38068788845478596
0.4554318644437261
0.9757516081838528
0.9999776865536963
0.41533726749613453
0.48349211571332584
0.5145024237378735
0.3348750917091323
0.9732621336288113
0.19219772495969667
0.44048173153847126
0.6920693938937561
0.40768640097850317
0.985566913148943
0.519242964309309
0.6923773948051545
0.4099350454435272
0.19004014129287283
0.34838370683760655
0.23028304076397088
0.4959141051998931
0.4443533139519087
0.5083431191682112
0.40486240769230974
0.2278185344807675
0.2742850507767385
0.49464217030074986
0.19099385476367692
0.22378163048101252
0.494920136458498
0.9706617519280616
0.47906476769578277
0.35016625041339267
0.6106535502766159
0.3721354394223385
0.9999537546898972
0.2929332059435489
0.49866132088606385
0.34893501247790537
0.4676116032892216
0.47130356929626904
0.28270627222912026
0.8221620074341748
0.37121384060318163
0.7127947918474287
0.8998523299676566
0.5578083933452216
0.34777054673137286
0.21320976819523274
0.84756449574291
0.42097136486662057
0.4530119270642765
0.2852843619559444
0.5016979085343091
0.2685441908346061
0.37449025624013377
0.46396986524913963
0.4971737370640371
0.5180289039923818
0.4311475939991469
0.7593481732480911
0.45633850053098335
0.5024657753333689
0.36046420776133936
0.46846191798865844
0.492241748247363
0.5119094053426978
0.5013708794444092
0.27290047802062034
0.5400018793572183
0.3529184137777909
0.5921773583989848
0.8010123421050112
0.9525718093846977
0.42140203027584944
0.9939086580274316
0.44550037920419194
0.23452725419275733
0.999999993605052
0.2502870426942191
0.4703912324144015
0.34480843239882575
0.9999956053100254
0.38104805341908765
0.39894420140419906
0.9918791082233233
0.9999955870618967
0.4812224006131701
0.5306781460110215
0.6085547749071031
0.07446796869250427
0.9668259238160579
0.2825324395220916
0.2878687738627602
0.9942449337663688
0.305941250951952
0.9335480250470244
0.2845010896475765
0.36273001142371164
0.48203518427651715
0.4599852578860699
0.612968345250319
0.6132928946605345
0.9676614102913046
0.7255394916765487
0.28760316742739944
0.540701178823627
0.5001073096594381
0.7440047900101181
0.5419798207195013
0.4845412055163252
0.3466686102990798
0.30713932438880776
0.4626267446502692
0.5140460020608191
0.17152495605019025
0.6589675943763167
0.9999997521610542
0.9121008128488909
0.5357418703165409
0.5833159983863774
0.8645734441648838
0.9992158794200078
0.2549256587771199
0.9997938783078073
0.449340850710339
0.27537525650012695
0.49067770294318513
0.6679641388921971
0.9947588328120345
0.9999998612387505
0.9997938185297077
0.9544034270462101
0.2383919153436228
0.4955763513130268
0.3042182565291084
0.49051853955551983
0.5170697645956841
0.4963667043769141
0.714406948866251
0.4093304089599714
0.1966181525020153
0.47938775909134845
0.3221836600204937
0.46759621317963096
0.532050212822258
0.4995146627912368
0.9999999999999817
0.35019113105544575
0.30369037435528234
0.3254310635207507
0.750440503097251
0.30329882911089245
0.44325020134550686
0.4828543266356188
0.4857515233227552
0.26683468429600754
0.2919526130314356
0.360140448387647
0.4603590052157782
0.5402534830452115
0.3707721494369792
0.5205316945328393
0.3957676666670533
0.07858067605903074
0.2050849424478859
0.9999999999989538
0.5536974256328976
0.9302302096100373
0.4734732575677284
0.19294595902579137
0.31094792533104243
0.9988221974820115
0.2216883715698006
0.9026134017515421
0.39676249346572046
0.5535329017392088
0.4596073142351712
0.6216333393977724
0.6279343571009424
0.7549344018379335
0.5745129694150719
0.3584540733281989
0.44964614259460267
0.9999999997232286
0.9867159973736895
0.999999921437049
0.45594956580592017
0.3384854139287624
0.5032543916277359
0.5877623943254155
0.47836405019943684
0.6085951493756534
0.13379501593199572
0.6447493404749649
0.44094617294761485
0.3764871758907474
0.9999956835178511
0.4551834139900903
0.8996781429629122
0.38208923850276355
0.7321666401818682
0.9551187509155775
0.9999999967280124
0.6862210416668076
0.8619730365263167
0.4600679826645939
0.8553626169735737
0.36971731205746816
0.5296545353239134
0.4097159742077595
0.6928271454595623
0.3375237794206295
0.4881051982371013
0.9364943167618193
0.49458485206839875
0.47463057689278
0.9999999999999818
0.489366912296061
0.4011045676788402
0.4597953359932311
0.1839227001191729
0.517395084073914
0.8743671637881739
0.2831137489770861
0.2799011649691797
0.42724308305785297
0.565891129666876
0.5284260418426718
0.9387012680384551
0.4389988895381115
0.946341289154171
0.4409678435959117
0.9732683794118576
0.9996625114781944
0.5524227059523039
0.5269848504052862
0.8717758679437019
0.4948779398797494
0.5016648632000679
0.9817103305082017
0.45344873723040935
0.49861103685289254
0.3584682700526781
0.4935218288869002
0.34317006830497265
0.9757651793623294
0.501274490141377
0.3518238135035934
0.5761542917621021
0.9670352272002186
0.5449691472991081
0.9999533933898005
0.3903210870214763
0.4693738631583858
0.4136860971706815
0.2622501985854544
0.611988310380908
0.5124584200587712
0.29429862129036
0.45084045906820314
0.4621048484137602
0.5245013125192037
0.5003080880029923
0.2680079229030067
0.8793157554803244
0.45706079657581655
0.5795431463148577
0.4098528307901519
0.9999999999989723
0.9998273757916724
0.4819833762285225
0.47688270775223207
0.849740835225888
0.43749233029653434
0.5207727630624832
0.46349084022398035
0.6036283135919669
0.3294502156767869
0.9965352152831795
0.36856407786238865
0.3678029338768285
0.30733658439566347
0.4735063691899277
0.9999999936033571
0.9758906574159121
0.41113164693486715
0.9999999420005585
0.4141124853782302
0.29787493348295624
0.5478663433499396
0.6689022587035143
0.4797132846676513
0.5000356907809143
0.5789664650529658
0.9999989072592744
0.8953911783469428
0.22918149510049146
0.8998517192510052
0.4979365192787186
0.5509116635214681
0.9999761219793993
0.25155333378469413
0.3060075040990873
0.8402418547213537
0.4205788257487062
0.45248907282490114
0.5141136649878683
0.4151485783026684
0.26507162492126446
0.4606820240054115
0.45433189547516484
0.39887556986239747
0.364260629090572
0.7499951746018443
0.2940323077749175
0.6228885452364759
0.8632978161723324
0.5149486509018157
0.427490693194734
0.4289225623069819
0.3366816521256085
0.9257067592671623
0.6832877402450068
0.9988204339452147
0.4906239193063888
0.19639953984087966
0.3866527390482217
0.925762441633129
0.4599391846993517
0.9336586333553984
0.7391772883648993
0.288571261136764
0.9968770101467486
0.41723369615356076
0.175965079331023
0.9821936874573356
0.4894868151205721
0.9372360777669564
0.4171381866121313
0.5121198293198963
0.08708159057873566
0.9999999999989485
0.5119270183718234
0.3472370889795606
0.9996642713291968
0.5500408118033226
0.34224010392690596
0.4179447563829759
0.9999998653548423
0.9999902696121683
0.7296115809627093
0.2733551136055601
0.47748687562041725
0.4086467144302971
0.48858383389067306
0.9968672210393229
0.4969952978226737
0.8639476276449161
0.516236676145937
0.4456945477194967
0.41831795397217153
0.4710094343821699
0.4975477982620997
0.4786416083912254
0.9859730289339222
0.4824043965269835
0.23294677535420139
0.273881052906049
0.4736621602848219
0.44565507215636524
0.5317832866050725
0.4280289692180831
0.4732575442440551
0.5723980851712529
0.4456653497049118
0.9999999208116985
0.9756150289788323
0.9999999207594416
0.5288572781364751
0.2863941781544608
0.5111198451505361
0.3532574686939344
0.39803622595154275
0.45718997095925173
0.4971498123937004
0.8484292879604277
0.9896437879827775
0.433161222010911
0.99997638189356
0.9999999999999817
0.24762382949667194
0.999998909547678
0.6824021221934252
0.381208664092373
0.34983820943890365
0.4570580217434952
0.3131734590784109
0.9757232839060664
0.48878469188532714
0.7131091848899034
0.41728982408130155
0.5765933312654598
0.39813139597499525
0.9908760821233915
0.3699302773753089
0.7499839934598039
0.9939051205379678
0.46272928609796626
0.4730704588471012
0.6848911227007854
0.9391132365333608
0.5245838750432925
0.20519581586400448
0.9996641155847459
0.8872581951797543
0.44726127439368757
0.41165777355638156
0.9565553185678168
0.4859698832069398
0.5325042788002972
0.47608792623391494
0.32685481978555364
0.4556302831603274
0.20535706101885742
0.40969553558828464
0.19289450033730127
0.47951488541653486
0.4277132226637308
0.44933992149845614
0.5740114492619255
0.295762865527471
0.9867168561171273
0.46671883156834704
0.3656801494283427
0.06961106599295896
0.8995371041219493
0.5092698517912011
0.9999988363489415
0.6989659583601255
0.34437755565444883
0.9756448180748336
0.28599057916190684
0.5023177419703072
0.9970849206190813
0.6410990310509839
0.41430074907562553
0.5356074700024859
0.41536124897614146
0.6185658920165178
0.46084648260283423
0.28040394220500975
0.9999999999735675
0.4891483955363316
0.9996634580030662
0.521160223744835
0.4590895030822948
0.6979735633993361
0.44386824789860213
0.9999770877197768
0.448806424042422
0.4913583386177781
0.4439125107791706
0.27209724933839385
0.8289414790787442
0.5407813000213697
0.9999999207416918
0.5452154379310621
0.41810924760854584
0.9996640488622276
0.8814863129701733
0.9896712690243492
0.9666419386765545
0.3459703753532952
0.2851862758818058
0.38175980280239186
0.9835312235552384
0.30328414796903025
0.8639795759181816
0.41454529378517535
0.19284439479544713
0.36583783228882083
0.2737943434986698
0.9999533492014558
0.9999999982419259
0.5532744979460331
0.4554372454272688
0.9949206642184264
0.43673637873333415
0.7354452642673344
0.908039070513543
0.9028889661869706
0.5268416467470273
0.15929117386307812
0.5427877259903651
0.9999989052625166
0.48586139270547724
0.940827282324812
0.2369294073949989
0.4838920011576301
0.4939968881196942
0.4231601674099228
0.6254613609266545
0.9999760828133477
0.9665493106702762
0.1352072643106802
0.5793814071151917
0.9999999999989584
0.3171315484318299
0.31608852558629363
0.7467413906538443
0.8305301228977703
0.44217177036364574
0.8779931364163415
0.9942520850200887
0.9685209130259778
0.997089046261418
0.2671543825688897
0.3566348715797999
0.2773240523420434
0.9999999999989573
0.4745845437554743
0.3084857272273257
0.4495541467377957
0.4655340245141185
0.44506350183171084
0.6110773787448472
0.6085380883735532
0.36938734668172535
0.43938909634818457
0.2380563381666405
0.7856169925840277
0.5258052482985303
0.9949474894182264
0.2005615807900849
0.3891331511233711
0.49535702116231506
0.32390023807210655
0.27753004150859784
0.6140797230388477
0.26941530965350224
0.9756534459732751
0.1975396562451165
0.839697263953798
0.4650939027208145
0.4923809130611112
0.13067301668696085
0.9996645967554494
0.9971332009418533
0.4043684625931899
0.9849748596330722
0.48355744434012304
0.42909948921237206
0.32805198074871267
0.9032531420593797
0.9939794824959844
0.7534547841018809
0.9918646265999526
0.29088671383848075
0.8738656350008707
0.46255964115451176
0.4920761947736264
0.999999999999287
0.1226234069570784
0.28288596407210065
0.9999999998542866
0.5799222430012977
0.45975634629574946
0.9996628858648909
0.4956373328616449
0.7387269231902225
0.38106714645549844
0.3686699148240098
0.9914517502397184
0.26049157835854553
0.4948550731548259
0.7748930089854082
0.4625136790787884
0.3593895967338986
0.5782883282078854
0.9949201222461282
0.587890958729842
0.2650526524460839
0.999998902679295
0.4715826749878538
0.5503250637296153
0.49232408008203965
0.6185285124104098
0.5381275395222678
0.926788747714666
0.4914970975979601
0.4655131166619181
0.8378787901312865
0.29007465724596493
0.999999920909311
0.7209211197456571
0.2731216569565157
0.9543676291346513
0.5591346504910022
0.35492503527278874
0.5239013146894862
0.43499395596361556
0.9526104371349401
0.5443387294694846
0.2747177726956752
0.3563231740064381
0.9948979823493953
0.4706819963744653
0.9033137933430232
0.26033711493547973
0.5456676655598891
0.3393945659342782
0.46679295637268226
0.38552592151398435
0.720787489571185
0.7346089276648478
0.38627161876671456
0.8975069515963643
0.4675833305788598
0.9989289625740821
0.3083197330332551
0.26685551877660796
0.9970715573129603
0.49264334572858925
0.5063061240510753
0.6375164153613406
0.9816244299089194
0.34320390320400607
0.4290888272460227
0.5435915298985439
0.5789252276591086
0.5205276513863841
0.8497191567650912
0.46968070067179013
0.85570340791149
0.9812252453619553
0.8306814578126072
0.9484994516396991
0.9996635202517631
0.9866891683808421
0.9897872950659026
0.2898198067327328
0.43686656831711135
0.9948998346561424
0.6396008868678341
0.8379329047125905
0.44363460491658624
0.4312548253258657
0.22080803315206154
0.8378929702664836
0.4544458490065696
0.9999760603236788
0.2240117012968299
0.5271142397754671
0.9999761843527435
0.34509933643681456
0.33015046211855037
0.41803385273223914
0.6587183214835517
0.4778791121943343
0.27522054968234155
0.4966541663771271
0.11841471058301845
0.42738192967345345
0.44592511311085015
0.3447118215723962
0.7272244013000717
0.33697947453637234
0.816635862064749
0.3906117882940958
0.5213514430137569
0.47062295077338
0.42134189324784654
0.25912236759152973
0.793628178259801
0.9999989088116316
0.9998345246187887
0.5953147766109027
0.5209962296818409
0.4595183415758468
0.41809876353926334
0.26512505294487254
0.997076797799798
0.1791952133639535
0.4900804549597385
0.404636116175802
0.38759734878765006
0.44509521868895996
0.43267675944718886
0.5101034902199052
0.9999999999999817
0.8565637636011972
0.4659073128836202
0.3820430732080484
0.34514259126727764
0.4375893070870206
0.42709611359893185
0.2885610778173434
0.5199889055998301
0.35793371637103977
0.9999999207541175
0.9999734315956624
0.42183781342516813
0.5627026562006023
0.4174893312149991
0.5016823247251545
0.500404999858428
0.9988247412332593
0.2520298493589709
0.4902661527495036
0.8437301136818462
0.9144900580469573
0.9363100051956627
0.4994954643247048
0.9939267625067247
0.3403303678105343
0.9528503329997026
0.8299993653273826
0.9989276725019516
0.5689700077906577
0.27375589208810447
0.42964158224536186
0.5371736752862712
0.2901054403369997
0.30219357887645204
0.4770108433796738
0.9856284397758504
0.37738147181681836
0.2692427287472484
0.5411874268824508
0.2691713289521509
0.366132057493912
0.7259889608863903
0.48024061437849697
0.4682435917215322
0.4168618198720828
0.23263933029152417
0.45478953358588725
0.34952000653076465
0.6326259153256026
0.25911414911104114
0.9293721797786764
0.7544548943311655
0.44954838740491665
0.5340666397384974
0.40912074134517395
0.9149457774821335
0.48045877640351
0.38732030541301554
0.43475999680400357
0.9896543725550496
0.616054451048724
0.4570352022492725
0.7964759370821852
0.28522561933171264
0.9975566770566452
0.9934962908684288
0.42147604307847353
0.4681380181813696
0.5340876289564874
0.6172659453262671
0.5097738991625751
0.2806463105621746
0.5587494014940162
0.436945230061626
0.4405268666885339
0.11656451443691651
0.5076479802372302
0.4703920008251443
0.993890367057101
0.4636000676814891
0.9001377368264032
0.9994455652819166
0.9486384931969901
0.6629950459324196
0.45356656587289756
0.2902421138441037
0.5695188505418356
0.4875448778332018
0.48511753605960795
0.34104650646608003
0.2725777681062379
0.6528335425006253
0.5960354927128988
0.42592183526870375
0.4544949203409121
0.2619766665044001
0.36472131398867835
0.22967034966694677
0.491194359629869
0.9999868493880717
0.4568434974735053
0.4034344888565946
0.35869631385008627
0.39378725695089045
0.3771027054076448
0.6897598021092102
0.9988175227056462
0.41157728309892216
0.26472733910102375
0.518878636907825
0.9999999211739911
0.11256448219418258
0.46203796053935575
0.5262195760231916
0.9999989052315258
0.999986859183959
0.37465103306853254
0.6007073088879481
0.43383527144814893
0.4187978764630138
0.2785996714636735
0.578593316364213
0.41653305767493143
0.47054817464667875
0.49640404614474776
0.3410003633110871
0.7967387863599467
0.2051316478941121
0.9939420171071988
0.42990323106064576
0.712617567122424
0.3252216298823629
0.474956450307607
0.20671057582161478
0.3600533681333056
0.9019349939728635
0.37021455797192304
0.4822695773222837
0.8568454561110517
0.523298767891289
0.9999999999989588
0.40515151012108497
0.8741219130197402
0.49860519595347186
0.9999533741778815
0.904891948078005
0.9999999935657431
0.5377749988150887
0.4721927352247772
0.28485063761203644
0.5009990690733157
0.4743016949858203
0.42693455291588667
0.5156957224236582
0.4676093227031364
0.2774902171406439
0.47810288411067436
0.5384922853932061
0.2675202563143452
0.26008549368403977
0.4570963663700267
0.47958639002977366
0.3253047756403473
0.4944178382128791
0.6321930560755629
0.9992208930029789
0.4431567086395918
0.30070551879867513
0.49108687106327
0.9999989009205258
0.4625863312608237
0.4964237999597738
0.2817565383264862
0.9999999999999816
0.44881380147171757
0.4577452067080219
0.9703355899837869
0.2589233289898142
0.26782947078818664
0.9970798576292182
0.5268651458794115
0.37917991680416463
0.45196647811100343
0.9999999209635225
0.35438790983738877
0.291440205620235
0.6515221789701853
0.5798371477866504
0.49539764933677677
0.240651375050823
0.4839842015558615
0.5311913904700074
0.28744190269985437
0.28458569698795344
0.47270159547041357
0.565164990504894
0.19824124841138857
0.4334267930945189
0.5133389108539219
0.6020727178093381
0.4590753063005082
0.3963050155426765
0.6824921047767825
0.4327147296756729
0.2207402968481228
0.3311370101862591
0.4301607911369376
0.45971703174319234
0.5286684954325187
0.48617580438181707
0.5705747721361549
0.47891721398918397
0.7023599630804932
0.989660235336671
0.34698160496066055
0.48951286520137216
0.5090869871661683
0.9999760185913448
0.7688774710743902
0.4602614641583481
0.26846930286081094
0.4836762970517351
0.5031775925578746
0.5661466086156346
0.49834395550702637
0.29191295225747016
0.4330014770486601
0.4791051543437663
0.469865403649656
0.9999972392321478
0.9896734310847417
0.9999903894710743
0.5952765027687389
0.3825645086689661
0.24804815724561713
0.3709704788440452
0.8641170348879772
0.3788388651335126
0.9992163147052603
0.8655040443781231
0.8785209148285953
0.9028728230034931
0.9531525818917823
0.6830748633628898
0.565943218638592
0.2648636157404074
0.454937026048683
0.8759455266551228
0.981429200612171
0.4487027530438854
0.263599687496352
0.34384641357431656
0.4687805216839126
0.9964357320066356
0.3070892842687337
0.4642519185093734
0.19101518082314817
0.49676533201338546
0.9996628120686581
0.44236285120040597
0.34589307195783425
0.5260451446526562
0.5900354379924921
0.41189470412732176
0.5145656123615547
0.4480914070744846
0.2884670779714038
0.47636294382425703
0.2853695010518328
0.49084503915212674
0.30183420398186867
0.4753701657885654
0.19598900984230938
0.9445608790919683
0.3118347600161183
0.45785409848945735
0.8979741844256398
0.39528924517962494
0.35810980203552545
0.9999999998529202
0.5686100430127325
0.4498794360388496
0.6048541597635173
0.27146735019145163
0.5753225410304705
0.28033753671394757
0.9999999980433038
0.4471521609560559
0.8303220011615404
0.3146551458295178
0.4818875421009462
0.6323346628840465
0.4985783745950434
0.19035382945595658
0.36556479412960385
0.32799644168636255
0.45578578630036937
0.5970916731117704
0.9999955686261692
0.5070490248021686
0.8639286693195684
0.2444222746706426
0.4625613821182051
0.44076976585185257
0.4635375276365473
0.26335691975050424
0.2573347486006369
0.4428812826237506
0.26990009140814397
0.8872759269222747
0.9999999219637518
0.11585554279158805
0.5542081561996451
0.416562169886628
0.9996646145674968
0.9949040586385128
0.4728268653817651
0.4616740727671419
0.9999999999997945
0.9856626443160618
0.5831472136222826
0.5010543422825733
0.9846564172302431
0.6039737011459428
0.4912468025195522
0.47416204732406386
0.3069847567096967
0.6814790872949735
0.4787143417926518
0.34641627816438125
0.5251424102373419
0.7221740619143681
0.5641807257313716
0.38818254764929194
0.5352855410769413
0.4449798299824914
0.4513893346312523
0.9403353121139507
0.20803059671813307
0.37188912240770067
0.9999534019917734
0.49072631020780766
0.9999999999989581
0.7589521215265325
0.22921367916611413
0.5147006772926521
0.483205216097507
0.6634541110918311
0.35009254300723924
0.5119126757046095
0.9756521526524804
0.9996626056283414
0.9642780796557241
0.7509215765264512
0.47295769106888874
0.4234926041722442
0.4596048028609181
0.9999999982801503
0.461379092398432
0.6326029669575188
0.4432119063913037
0.2880933068712226
0.25456633946997065
0.3372681470939206
0.8127852303278504
0.9919343290472515
0.9312829204233122
0.9335080333668851
0.37843171639535134
0.5162977134935066
0.7346483306933236
0.312899842751708
0.42660354522310207
0.6897736888050023
0.3260382744046423
0.8130628689072841
0.4801055896228831
0.837486752681662
0.6004093015159113
0.32223975399514415
0.34453619173956984
0.4661622304484412
0.4148405922971926
0.3669906415322769
0.45920629624906706
0.2710127445477095
0.9999955700145482
0.41364185361109107
0.22470702012617583
0.37416875262482796
0.5017992815510586
0.4864438646077739
0.8501381266018528
0.7860014600431829
0.40111110368257585
0.8643559565650566
0.3407033980217602
0.9999989105643663
0.7182450304961504
0.4243239044466983
0.9986440191423148
0.9756267144197347
0.5299437634834662
0.5146224021641647
0.4033260081051069
0.42251846664450443
0.5201049668123968
0.8155364932413224
0.5549272859708645
0.4907378458479231
0.5174040689767263
0.4673915804384263
0.42211063041085883
0.4756574833863645
0.34603646256963205
0.585957306807572
0.17736598779308244
0.48574794580279834
0.425089127649097
0.5560104960858356
0.447211712696841
0.2628159782265701
0.28812523497288123
0.4588931779554438
0.4825550855402919
0.5690975165946431
0.45440922111010607
0.5775056944701171
0.4730692727995217
0.4566064905563697
0.8871376495419104
0.6879412524590084
0.6694663604704034
0.591378912841673
0.393127193980339
0.49601200047883953
0.48692296191599815
0.437906657135511
0.5012110806115422
0.3101607728428284
0.47220988994893565
0.9777107253155917
0.6499694414505328
0.7280590301755471
0.9239732354965349
0.5714430203860883
0.469940397849576
0.48200590661109344
0.5698296357474296
0.29910931478323344
0.3417398854547248
0.9986370547603304
0.6181605621899633
0.33553081390967066
0.38911283387124695
0.26159724050385613
0.48681462612417337
0.5194359034703486
0.9896713817156256
0.3589086535050927
0.9999999726693847
0.4432769721926788
0.7811716647038203
0.4970411803452781
0.7660178455222766
0.3959115249590335
0.3656294680814778
0.4961380763805693
0.4716624978784093
0.4362908767792244
0.4883487235080346
0.9999999935941009
0.30217175075197655
0.4763968674461736
0.5237201682763502
0.519841169580251
0.38273964327967946
0.6011185665736714
0.5015690945910345
0.372371864766038
0.999976508912042
0.8379028118522618
0.4150628902248542
0.9487713404852386
0.5005898701620839
0.2444361922193723
0.8494003269418372
0.7423824314568659
0.3450985166386624
0.9999767727276303
0.4923313059923341
0.4236308216163136
0.5042100647056762
0.6310981601319667
0.4647892179570515
0.38073856248047555
0.21471946102659822
0.5063743242453566
0.33232439359111476
0.7506827216150638
0.327755046990693
0.49960106970262375
0.45096474880978954
0.6062069585565462
0.48361401051068387
0.9986391009278891
0.8146604718767559
0.38092168966521667
0.7268362049775221
0.9999765794219827
0.38447896873485743
0.7257480191312289
0.4669118760972142
0.4455462822500357
0.44460140148106797
0.3514352674109906
0.4591693188994883
0.28176963101835495
0.4747117602565899
0.8836536403409071
0.37309233260554164
0.4530845005525682
0.7199265704823457
0.4369004122834903
0.9641049440023656
0.5295418372865512
0.4986738235489828
0.6323816336154822
0.45526589103710047
0.22088138112345568
0.3931415941377102
0.39415907791826943
0.38948209955921775
0.4733671284554132
0.7261599637711824
0.264739856625824
0.6814643783160625
0.4092757009331821
0.433833301350504
0.43892830264494587
0.3870072803450746
0.5118947609347434
0.5199545782157188
0.4355208588205398
0.9445802492986894
0.4794090758084689
0.27966060971747475
0.4410947819874581
0.5567345752908407
0.8629059282326325
0.40897363844210255
0.9299294164104873
0.506046613521522
0.4346997438458138
0.4662867260713618
0.9871146832614293
0.46233510998290706
0.4986826756657293
0.5211948738903825
0.3632898772809128
0.6310538613374601
0.43665016677343516
0.5201852109398499
0.9856409467574642
0.999999998276593
0.9942877452254736
0.45963608394345556
0.5044504771086622
0.3808091298021167
0.4954317967838312
0.5332483314152565
0.9348158243174541
0.6811288108163756
0.3756467485148619
0.8377328042646537
0.9758584988492165
0.47049965335925326
0.5004121577860399
0.6053383791372051
0.2672027312995152
0.9642372368532681
0.504075495699055
0.7293582517454339
0.2255841816697043
0.4609250793845394
0.4713154329928525
0.4520348459959028
0.6639525005451795
0.8403973565365032
0.46317139257395246
0.9835157157355707
0.45213559008833737
0.45819238981352284
0.7502212468860373
0.22656674651374997
0.3196562800884615
0.3688742423811494
0.4873207331180951
0.9999972254368883
0.5149104544612839
0.6681357255027182
0.5682845819867486
0.26462292047555014
0.9757938339777829
0.4985029916965764
0.8514969040992141
0.9148997518225848
0.4600064567181198
0.994282353084714
0.3087262511551462
