0.9975369895428384
3.859750455274966e-06
0.9999919554940879
0.0005134304183232227
0.9999766156627469
0.004797882454793267
0.9999945751570315
0.008859292522205294
0.000220358198470263
2.3703581159916453e-09
0.005398978958148638
0.9998533491893339
1.103284857924062e-08
0.999987340045567
0.9999914879947877
0.9997162720184884
0.999840988392056
0.0003528336114737782
0.999875715184505
6.031159794913859e-08
0.9999794146021782
0.9999795007873373
0.998983186136405
0.9992917565071447
1.0762344459107101e-05
0.9981084378612343
4.510598968338957e-05
0.9993112335691753
0.0006479463875663062
9.140393988220976e-07
0.9999762876969889
0.9985452289636536
1.3105196881616567e-06
0.9998488919905937
0.9999537682623081
4.583062874827884e-08
0.013516301550033073
0.999995725384045
0.00019087519689684235
0.9999318986640902
0.9999516061240258
7.11130710622098e-06
0.0001926922234364195
0.999843978847923
0.0006092157548526263
0.9999561301500541
0.9999971367864965
4.549368162121848e-06
0.99292935528539
0.9427308210192461
0.0489032739456437
0.9999996361358918
0.9999997628083218
0.012964973881548188
0.999914350051153
1.027484944335674e-05
0.9999476992072223
0.005630145402926038
0.9997341856988747
0.9999959822554055
7.321989065497054e-05
0.0005623633250102294
9.209942794838882e-07
0.9962548262591979
0.9912396836248469
0.9997196236138902
0.9999639669428835
2.5953714807903555e-06
0.9777115561065802
7.426134431548042e-07
0.9999323297796339
0.0003866544742895963
2.744286232870046e-06
0.001965383201749145
0.0004475302815970721
0.7173396191903055
6.0658233190036834e-05
0.9999814493315221
0.00011473209908370868
0.0010166604361006274
0.9990656867258587
0.9980332974600042
3.69621044696826e-06
5.038362515726895e-09
0.9954481971609994
0.9999576436348749
0.00045080963943145964
0.9976085580222454
0.999233043512512
0.00012119132512657516
0.001784067010702422
1.2514742401354081e-06
3.4094394982446217e-06
0.9997311735934419
0.9999989262564606
7.223503985816316e-05
0.9999963178357026
3.136666493137408e-05
0.9999629089317423
0.9367589584232814
0.0009450037160150824
0.0010031957347553303
6.744753740035985e-08
0.9999810464751726
0.09953892237281915
0.999999509416909
0.9997452768879356
0.9998412078896886
0.00043492701409759336
0.9996289479319346
9.810017400919975e-08
0.9999933248745411
0.03857431225221498
8.121098947083e-05
0.9795899071178481
8.280645615490379e-07
2.0785965249475376e-06
0.9999719586263772
0.0017627895117773237
0.00018397828322885785
1.1811987167730119e-05
0.9999892876090914
0.9999864180050194
0.9999730447636763
2.2902258002607253e-07
1.254016115547431e-08
0.9989146000780753
2.716742480612787e-05
4.688019262663527e-06
6.215893905570201e-06
0.010214075532599485
9.939903956649334e-06
0.9953490032376073
0.00021897545574819276
6.093248060426828e-09
0.999989404274745
3.8085930813270454e-06
4.744639052453595e-07
4.0639402766127515e-07
0.9999883469950506
4.3990815360072797e-08
0.00016378117395907829
0.998556120956047
0.9944038395413585
0.9999528244535784
6.205768862545664e-05
0.9999565341333374
1.6225255934400677e-07
0.9164836183047648
0.9999644446146494
0.9999797387929016
2.2212058736468174e-08
0.19154952215672758
0.9999986568544511
0.9996638734669704
1.0715300274618907e-05
0.9995879628672172
0.9988816634660613
0.9999831923181991
0.003309492557755953
1.1163353926016261e-05
0.9831605553242664
0.9971835466318053
0.9999991963514493
0.9998598139510964
0.9998423243542557
0.9999686686377858
0.9996746072825814
0.9999966535337851
0.9960035961005232
0.9999723638205232
0.0005761887272705524
0.9999988357632814
0.0020048541374402965
6.325339443037899e-06
0.9999548337557572
0.9999986059563906
0.9999806622664138
0.9999899035597744
0.9999061835745505
2.1497738854123937e-07
5.588099383264387e-10
0.9923962543623819
0.9999077707778133
0.9945817115399823
2.413766496957332e-05
8.648621029855775e-05
2.430553017093303e-08
0.9999948945203502
2.847919376753752e-06
2.374393027255379e-08
5.196565613671359e-07
0.9999991460000667
0.9999994577475397
6.036522784734131e-07
0.9999633871935916
0.9998954104814542
0.9999910185375388
0.9999304693134875
0.00017608744861394169
0.999990940858773
0.9999963335702017
0.9966499220829491
0.9999896705989582
2.8624011814179967e-05
0.9998871752202906
0.9918922974238261
0.9999566314738175
3.2779289260079504e-05
0.9990727567705816
0.9997931218730494
0.9999975797538112
1.1642797259704972e-05
0.9999650010762936
0.02777248160005882
3.1066187520470094e-06
0.00015939043695082058
0.002430868102924947
2.8866787027315953e-06
0.9995227600079355
0.0029757601950335198
0.9999925446886894
0.9933727575889016
0.00019394528492093927
0.9999574937831947
0.9982847199505945
0.0017019438684872591
9.311278681451994e-05
0.9999987736688342
0.9999807611568708
2.9350028439782608e-05
0.9998195948367457
7.457741591796096e-06
0.9998943094865663
2.0446917592058614e-05
4.5341058111883805e-06
1.844313327570776e-08
1.7818294093386828e-05
0.9989553606103831
0.9984003154343366
0.9999714157648858
0.9999747494082195
0.001246530958022667
8.730470547168444e-06
0.9999982251104006
0.99948265216135
0.9998221186011005
2.0992297366716776e-05
2.2774848452511044e-05
0.9999071808995863
1.664603030299324e-08
0.9999899802042678
0.999989292039356
0.9999291704471701
5.446901722424532e-05
3.2279136181372173e-06
0.9911403739156268
1.6818365055138562e-08
1.2154271426028313e-05
0.9995927745712606
3.3637309285267315e-05
1.5676705591633827e-05
0.0006308772381757661
0.9999051927708937
0.9999775730293751
0.9943230434507112
1.1787563817764828e-05
0.9999315076018542
1.163649229520897e-05
0.999849597282018
1.6436991450703948e-06
1.3105196881616567e-06
2.540671612924276e-05
0.0005748629270771861
0.9999997628907163
0.00027679787100768114
0.0005898803005257313
2.828722666464565e-05
0.9998853792009833
0.9999996896812091
0.0036660616989391374
0.99568048287108
0.02082985457379399
0.9999997473331312
0.9997832211346509
1.7374333325701687e-06
0.9999983663305998
0.9999073389336354
0.9998568064180927
0.9999878762419546
4.0671410896085986e-05
0.9999002939082305
0.9918845645053721
0.9997836033290687
0.9999969558594664
1.4544652442607944e-06
0.9997442703060179
6.36764486523283e-08
0.9998407663020431
2.6278481220529653e-05
1.4603196885034297e-06
0.9997652368339094
0.00013908663450513744
0.00012724759290861997
1.7831165054679257e-05
0.9998367938689356
0.9999637047239623
3.176892054951517e-06
0.000662906398878388
1.8726514800588412e-05
0.9999840559855339
0.9999709924757452
1.967194823821762e-07
0.9995751573356684
1.3132738627840203e-05
0.9999258728685342
0.9998511305497884
0.9997486581678015
0.9999109854111776
4.166039514362775e-06
3.0863708451702323e-06
0.9997722896056856
0.9998788134962755
0.9999786577995429
3.3754772785461465e-07
0.0007762155550443867
0.9992916039585996
2.70847668049763e-07
0.9968039913521083
0.999995261148948
5.559200122829217e-06
0.9925409538858301
4.999795528289088e-05
0.9999367490500496
9.258850196532767e-06
1.7713101679594508e-05
3.8293387182934965e-05
4.2443441329093476e-05
0.003389979790785154
0.9997146347589444
0.9923072229856433
0.9999972006704313
0.9993768870820071
0.9999994793603199
2.2899803373599824e-07
2.7229131382127935e-05
1.631790530375215e-05
0.9999980457527027
0.08002371701075513
0.999961669569458
7.822236867602823e-06
0.00018909796928141758
0.5572727272727274
0.9995878404399572
0.9999342294598671
4.5633897907509286e-05
0.0009559191078483782
1.4880000054075418e-06
8.439220438928463e-05
1.4791575768290448e-05
0.9999895462738663
0.9997651426547882
0.002213861110775314
0.9999938150281685
0.9999980230167937
0.10444967634045701
0.00036037275857974077
0.9999032165756088
3.3028840649520133e-06
0.9996638734669704
9.452631859512067e-08
0.9984195344719736
2.3722812196509715e-05
0.9999717079875756
0.9999987147393216
2.6437891260253156e-08
0.9999913190342152
1.2969766880385376e-06
8.098640701557898e-06
1.043458815910536e-06
0.9993438984630244
0.9986042596205913
0.9999588350681331
0.9994262368686411
0.06609637672557975
0.9999709022311618
0.9999790077101435
0.9984725055626931
0.9996476678318801
0.9999321364314637
3.0310052446371264e-05
0.999999877036196
0.9999790533436623
0.9999997569441998
4.159696092670947e-06
0.9999907246962462
0.9999999291984975
0.9999664343380842
5.022566342191232e-07
0.9999947338715777
0.004595287908746127
0.9999991354058552
2.3672269083187183e-07
0.9998940026874052
0.00014061926616232845
0.9998516244043891
0.9999126709338493
0.9996449297223801
0.9995191793995812
0.01890958405363009
0.9999643660245636
0.00015322385653387724
6.603358208520982e-06
0.00013274800188955635
0.015359619879005281
0.9999683891822927
0.9999820607177639
0.9995680422753894
0.9999895776818295
3.4224374436158264e-07
6.06253754099774e-06
0.9993612318128013
8.366657497033192e-10
0.004776432176350976
0.9999873140222691
0.9999996151813478
0.9988001547501337
0.9999656703000422
0.0001959215534292987
0.0017515570914917145
0.9999990910686246
0.9993389613248147
4.4770990037152296e-05
2.1366699360121435e-06
3.373284561650473e-06
2.348321320328469e-05
0.999994499319095
0.9999950918969145
0.9999874201947992
0.9999186020005046
0.9999863418840746
0.999661042183454
0.9998621623979107
0.9999965823304815
0.999998940837663
0.9999923529000799
1.8559230739508625e-05
0.9991944877844264
3.7267686070799267e-07
0.996700123490294
0.00034661727678186025
0.0001359174810374173
1.0251901118256033e-07
0.999995455305441
0.9999656869702132
7.849754073358738e-06
9.71282614995473e-06
0.9999569511051235
0.9999464541313021
0.9999718764232113
0.9999619436790218
0.9991819607519458
0.0004547525245763719
0.00043879504217379794
0.9996732459823174
0.9999199167842894
0.9997327693046743
0.9999956778341895
0.999850708171779
2.3290276364538146e-05
0.9998349274220136
7.822236867602823e-06
4.583103160422928e-06
0.00014701295272740667
4.657571044127022e-05
1.0380531841200805e-05
0.9968014744704492
3.2009416395465713e-07
0.9999872340731139
1.1353962438699348e-06
3.58337988844454e-05
0.9989752016095039
0.9957606728787743
0.9999995189652771
0.99996939345116
0.9999983133422758
0.9994635310026797
0.9999236784077948
0.99999318544659
0.9981123410732874
0.9999908446782111
0.00016118486346352416
0.9999765991939026
0.9999982763301962
0.9591199940911289
0.9999346847521826
1.5902432009181105e-05
0.00023890056728886823
1.988312303583444e-05
0.9999661125030006
0.9999537889084396
0.00015409293831610514
0.999858003005401
0.01956452795126635
4.318642875875979e-07
0.9999547123685383
4.646351087663837e-07
0.9992702426549761
0.00017449896925052894
1.6531309073872673e-10
4.148376434214956e-09
8.520707234360115e-05
0.9999654266721247
0.999985094685143
0.9999524013060395
0.9999888562324607
0.9995760300110018
0.9992787419943083
3.1854803248411216e-07
0.9999876465543799
0.0058662729792983296
0.00024049036593944904
0.9996067328564353
0.9953439102109456
0.9998361239520248
0.9996773645014541
0.9998915859083576
0.9963829050592686
0.9999680413561691
4.159211192991145e-06
0.0009217951724476244
0.33847938816142825
5.3917100910914965e-05
4.0639402766127515e-07
0.9999461781560146
2.995727934056228e-06
7.178975542251372e-06
2.88449028278211e-06
0.00013604240330145095
8.417506248728648e-08
0.9998082743911628
5.9516179494509165e-05
0.9996691838063098
9.01224886743451e-05
0.9998546056415069
0.006274342436093414
0.9309287104599889
0.999997251805741
4.002219216663724e-06
0.9999268338284933
0.9684945411114043
0.00018156272357562907
0.9999997324291885
0.9999972651597298
0.9997960606256754
0.9999024977913725
0.9999360042875768
6.322083029003125e-05
0.01424921726277991
1.871184834537558e-08
4.658069850230396e-05
0.9905899189350836
0.9988395690103055
8.683715459035918e-06
0.9997192582731022
9.566691305365679e-06
0.9999997520367879
0.999996858442973
0.03361918242964894
0.9999976380139415
0.9758413595019757
0.9999792221997111
0.012533515272938205
0.00027449116019881225
0.9997871124012057
8.819384691739817e-06
0.00638827864181575
1.4476810524400182e-07
0.0001383915404629179
1.654868238677216e-06
0.9999724679122125
0.00014380337780479013
1.1231521099174327e-06
0.9999963112194871
0.9999973230074224
0.9791454553856239
8.250206918541252e-05
1.700116037766624e-05
0.9999977322377439
0.9999554312081927
0.9998972718876814
0.9999187839676896
0.9990844194643773
2.3107087919695593e-05
0.0005994060416727319
1.212337849178607e-05
1.7366296017633577e-07
0.9999741642008583
0.9999242413682173
8.121098947083e-05
0.9999991707011474
5.3917100910914965e-05
0.0008855336193942761
0.9992559147087041
1.844313327570776e-08
9.934292767713743e-07
0.9999937169229864
3.518240031501742e-06
0.9999890028476363
0.9999992369623241
0.9993671642226378
0.9819519738353906
0.9979985101246129
0.0030951121285267896
0.9981234148037126
0.9999940745654264
0.998806166827266
0.9983107551152246
4.021632210634277e-05
1.8959027408573718e-05
6.406504218530525e-05
0.9999886358851221
1.7190364723564585e-05
0.999999401486862
4.0639402766127515e-07
1.0037759364584263e-05
4.831134282439457e-05
8.912809096891354e-07
8.878464714276914e-05
0.013303575193864147
0.0010044032152175411
0.9999138209238719
0.9999770259737176
0.00014383511037614316
0.2522504294649788
1.4846608857712213e-08
1.5627627582225195e-06
3.209443941244763e-10
2.9647525560982235e-05
0.00015689211838667752
1.104250721815989e-05
3.4531262141589547e-06
2.161686880771586e-06
0.9993693680727346
0.994962895604024
2.2668083524909856e-08
5.302245008821457e-05
2.1889289639287675e-05
0.999632870313838
0.9999900624001041
0.01869248879701532
0.9999410685313456
6.302147756189991e-10
0.9993753534079458
0.9999896977655333
0.9989959338465633
0.9970072857856629
0.9998643645344879
0.9999793761097876
7.689449421477806e-06
0.999839263407569
4.0342177419959635e-06
0.9996899571987419
0.9999910970304715
0.9999173847638377
0.9996098747978794
0.9998345787401796
0.9999845709502384
0.0010618668039596901
3.741947024663751e-08
0.9999988894794625
0.9997316680787114
0.9999314491967851
0.9984349325990292
0.00010279414721561683
0.9999787118241529
1.5492519992683793e-05
0.9999941858420185
0.9998761425202872
0.00036441172334239014
0.9739466036803964
0.9992497750922812
0.997741890533875
0.9989234269640895
1.0298691922663207e-05
0.9999999456550356
0.9999793724682531
4.439799602837458e-06
0.9994717063404075
0.007575563561782733
3.3145760782950112e-06
0.999981971103857
0.99997273695393
0.9999803688790303
0.02423639444762521
0.9999001875558161
0.9995847639662149
0.999996146481514
0.0007039016462131715
0.008102815694859706
0.9984374316777423
1.2917869723945708e-06
0.9999955565905932
0.999889595873361
0.9990267021820931
0.00015906480228555813
0.991765497129821
3.2182503716155177e-05
0.02641714896192114
0.0008120582518049108
0.9999926152001037
1.0473046974411708e-08
2.5630144396029903e-06
2.3404182069122234e-06
8.700845639877666e-05
0.9997626692854725
3.3754772785461465e-07
2.9281579665394484e-05
0.9992612665678184
0.00023124801340378137
0.9999997219541856
0.9997646747451729
0.001959268906074973
4.170056728570146e-06
0.9999850249993215
1.5113759117655688e-09
1.1815980898510755e-05
0.9999865633863626
0.9999626806004837
2.1606401643752688e-07
0.0008380158741647175
0.999793264097867
0.9999647307477606
2.4126365685998466e-09
0.9998373123807693
3.151024265730551e-07
1.6726312842486328e-06
0.9990138216486351
0.9997627171380066
2.298429467080728e-06
5.903960100184196e-05
0.9999944719630663
2.168220906111718e-07
0.9996763360939321
2.045243475035793e-06
0.9999954033354956
0.9994131112328035
0.0001866420120628641
0.9990916604361385
7.757963011535276e-09
0.006566006541762363
0.0007714720679036616
0.9999920706920262
0.9957436848121792
0.9999996279316913
1.1080297136474251e-05
0.00029489235491063126
1.5258301014442213e-08
4.3262751529213236e-07
0.9996958768914078
0.9999635830407274
0.9999865401750767
0.9893465444400887
0.0003586075218001796
4.549368162121848e-06
0.9482020126689982
0.9998037263506646
8.918977114715364e-06
1.8860036335648834e-05
0.9999459115802211
0.999998673555615
0.0006472233296787805
0.9999999865423349
0.0018727072668490185
0.999868474730401
0.9998718813909934
0.9999980330421341
0.999995833920553
0.0003440740427801445
0.9999997597418191
0.999991706352541
0.00015966044341886673
0.9999933519950235
0.00014007422575310538
0.9999879488123953
3.260646492145415e-07
0.9999114082456347
2.5253946161308076e-08
0.9999649430985844
0.008625876557847419
0.999976224330793
1.3009828222082003e-06
0.9988331156060304
0.9999542266732029
0.9998653353181371
0.999999494783445
0.9999204259434412
0.9999699946920056
0.7276772792900811
0.9969557054081838
0.9999729942532453
3.53772069391842e-06
6.365051959807572e-05
2.4126365685998466e-09
5.446901722424532e-05
0.999489875555238
0.9999215878716552
0.00018437857822893402
0.9999292886543213
0.9979886979462327
0.9999980770356004
0.993287985011254
6.714712796785972e-07
0.9999710567827174
4.3111137213815486e-05
0.9999912649389149
0.9999229016345796
0.9990374926292476
0.9995818468501819
0.9999870675170699
3.100095820257393e-05
0.9997861344717425
1.7961110449394558e-06
0.00023637533060022464
0.99986974646993
0.9999380342951302
0.9999771604092459
0.9999619924445998
0.9998408333725595
0.9998785498158141
7.309661814878139e-06
0.9988657013359329
0.9947437246550818
0.9995533656279064
0.9999546940733249
0.9999380845726168
4.689112960526896e-05
0.00686524478177867
1.77093709958725e-07
0.9999990457480911
0.999999739153614
0.0038253051960260506
0.9999946802610994
0.0002259200049533729
0.9999124803662586
1.578474294465839e-06
0.0008431480084987103
0.0001520119866534658
0.9998778833029254
0.9998643774388047
7.331960885497354e-05
0.9966124439723115
0.9999664343380842
5.602051022117653e-06
0.9997907057791487
0.050659008986306896
0.9999956768318312
0.9998610238187349
0.9999788124044924
0.9996758011093135
0.9999940529696314
9.917942213544997e-06
0.9999965100904977
0.9996121222595531
0.9999952810106125
2.1088889267181052e-09
0.9817412563316738
0.9999952192852909
5.130765385080002e-07
0.0016543248772960646
0.9999814869917278
5.141494945605749e-07
0.999999053713836
0.9996284779664188
0.9987848990428212
0.9999950906583592
0.9998631643857759
1.9381606006895814e-05
0.04977850456054583
0.9999578388613436
0.9191754108162623
0.9998537111306618
0.9999998916075855
0.9999818295367549
0.999999895066294
0.9905899189350836
0.999126456420869
0.9999998640088442
0.00010469947663305645
0.9999740236521616
2.9861578538181944e-07
0.008924600918122793
1.7025934931516492e-09
1.2457358654803603e-07
0.9999273385040109
0.9999887933508916
0.9999126736562514
9.729074836103165e-06
0.9997606185304669
0.00023266816638338103
0.9999754860898271
1.4846608857712213e-08
0.9999053737894024
0.9996749843798804
0.9999607170463805
3.2009416395465713e-07
0.9986525232345702
0.0008415538829449689
0.9997130665346917
0.9999996044900357
0.9996837643986864
1.1594905130637238e-05
6.575992505347787e-05
0.9998569730880035
0.00029050527479371424
0.9998085475309791
6.690283873901844e-07
0.9999741263475661
0.9999321715872517
0.30338252218480377
0.9995397807431776
0.00010964173743036803
0.998856869794161
0.9999902984284161
1.4681834712493848e-05
0.9999050180950292
4.16291828629754e-06
0.018953265112908218
0.9996879159598501
0.9997809236118335
0.9999889771851189
0.0034036770922340966
0.99999226998124
0.9999028521033543
0.9999998414890766
0.9995835909440409
0.9992925423726029
0.9999996117117548
0.00022596277630838863
5.099297051794906e-05
0.9999880072618333
0.9999517143671225
0.999831515524102
1.2476921474515342e-09
0.9998691402431911
0.9999990970657491
0.00018998557163606142
0.9999911902751992
0.9996483037779288
0.00026411059391627127
0.0006997190803025119
0.9999893769771694
3.8341363889422526e-07
2.874900583688585e-06
0.9999776419754948
0.9999993709643025
7.500520087804822e-05
0.9995861929755443
0.9997571666382464
0.999384144599756
0.9999987349510037
0.9998862935643108
1.7435345665428505e-08
0.9860761915195028
0.0001444611674779532
0.9999997812809082
0.9999579046776862
0.9998162545050082
1.654868238677216e-06
9.377773575726483e-06
0.00021848262401454014
3.451281249803648e-05
0.9999182155887807
0.9999973472676742
0.0002308339485065801
0.9980789129893776
0.9995585278626075
0.999999540578293
0.9999977825865116
0.9999997409965553
0.9999937943487675
0.9999984067345311
0.0001039114654796471
0.9999643104269681
0.0018335688548324974
0.9998875311338103
0.9999953678170209
0.9993129605832607
0.0019404648619295538
0.9835785960259766
0.999902610128948
0.0003971048906327837
0.9999956244013595
0.0004830369723605639
0.00023391519159429554
0.999998185807958
0.9999805842742637
0.0003332370082097115
0.00024018280473351466
4.613697342231478e-05
0.9999558298360555
0.9999980308208681
0.00016656052999919883
0.9999994546266886
0.9955992175428028
4.0762251644272115e-08
4.838472129313146e-07
0.9231964694746411
0.9999964537011719
0.9999957594641656
0.999827933839397
0.9997657779399656
0.9997993724488188
0.999937152947174
0.00010279414721561683
5.6990821489028333e-05
0.13287906576875447
0.999994768018583
0.9995369001445488
7.363660979351206e-05
0.9957436848121792
0.9999933418247448
0.9946205780553744
0.9997225845664536
7.385205091266641e-07
0.9998736781949985
0.9999953170312154
8.816568099163379e-05
7.939090864126604e-05
0.0008032988340800744
0.9992427997728686
0.0008598793084385073
0.9999961185748357
0.003781192985743172
4.5756254664816846e-07
0.0021439861339564285
0.9996537467869424
0.9999995019587221
0.0013890439872791991
0.9999845462374249
0.9999535899782844
0.9494474594187972
0.999969491265399
0.0008515156051171884
1.639034843705328e-08
0.9999985931248807
0.9999143154637165
0.9998534322479425
0.000432749244302324
0.00033252193755778565
0.9999782460267671
0.000295341813477764
1.5232722572108024e-05
0.9967997422202469
3.8716212874293866e-06
0.9958173491300673
0.9997470575589208
0.9990410423235385
0.9991529582540816
0.9999631787734024
3.732565029664459e-06
0.998709253123864
0.9996551249136165
1.1157210038157548e-06
0.9999953955333603
9.662532904239295e-05
4.218428947382946e-05
0.9999992680524962
5.940616943535213e-07
0.9998493530105353
2.4409957599812138e-09
0.9999986692927906
0.999948090362618
3.8793939187699857e-07
0.0012443997743192463
0.0002967538037867287
0.9999060645717085
0.9989583802307014
0.999954174682767
0.9999898565407453
0.9999978702670104
3.7661236289146294e-05
0.9999389694466752
0.9999903170297473
0.9999984927164425
0.9999996547076037
0.9999972673859393
0.9999535986585111
0.013477545995355826
0.9998957291328188
0.9991495704145832
0.00032378808130943595
6.093248060426828e-09
0.9999701690148337
0.00015322385653387724
1.0351465685116613e-05
0.003551876841039487
0.00012406494153867668
4.777575526932637e-05
0.9999597420498593
2.5153955910641126e-06
0.9999683399028102
0.9998900143268687
0.0004006671988397923
0.9999972089200226
0.9999801285249196
0.9992843483851903
0.00021967847891866867
1.2957122237861102e-05
9.445251874875377e-05
0.9999570794693542
0.9998642471165416
1.1851950532344838e-05
2.387150762371209e-08
5.5369519635023626e-08
0.0001295272830268412
0.9999464661963823
0.9996729907454361
0.9998794380478762
0.999494195593333
0.9999939536189658
3.765438731917907e-07
0.9998968733455524
0.9999967421354006
8.132584417843262e-06
0.999650095203375
0.9996184362253198
0.999720300407259
0.001329994146621298
4.978082769635944e-06
2.0699508855300293e-05
0.9996720721526584
0.9999990764858994
0.9913338620430363
0.9999842607742633
2.7561731612262633e-05
0.00012126388171596304
0.9999974241957466
0.00014100738144734665
1.387673442566726e-06
0.9999977982255653
3.2574606324850446e-06
0.7755894972037682
0.9999986805557164
3.6065180487017395e-05
0.9999985396255303
0.9999193839379322
0.999799960357729
3.844879645146443e-06
0.020334577562412994
0.999983025898671
0.999966497385887
0.9999489258258986
0.9998489577091602
0.9912464176260867
0.9999909232942306
8.698840337035531e-05
0.9998681012709627
0.999275667231632
0.9999652037932966
0.9499494466016992
4.554171577731819e-06
0.9998034887282247
0.9996192758084786
0.9993133419305741
0.00012480942540985394
0.9999945944714395
0.9999996547943254
4.164880779636016e-05
0.9996719614662359
0.9999958103276272
1.5113759117655688e-09
2.372228561684345e-05
0.9999705748702264
0.9999699706166131
0.9987856007192795
0.9998111353830138
5.699253376493911e-06
0.9999833674841061
3.969881670170657e-05
0.9999889981805516
3.649582124429143e-06
8.75790513808654e-06
4.371673828590889e-09
0.9998532148372319
2.259627206493544e-05
1.2514742401354081e-06
0.9999732565046645
0.9999864497282581
0.9999855854251106
0.9989938690533933
0.0008404835366762198
1.5428110130556825e-07
0.9998373123807693
0.9994099882188244
6.659283243751059e-07
0.9999652606306678
3.9105542451555624e-05
1.0084505966346957e-06
2.6163542617178702e-06
0.9996048714707404
0.9997858159564956
0.9999729343200565
3.2009416395465713e-07
4.982934975600372e-07
0.9999993069995184
0.9991674209782004
2.7022387769701667e-05
0.9997143933435304
2.802754865961467e-05
0.9928535035397359
2.6949707632090713e-08
0.9999936529710908
0.999999081661296
0.0010804402020325634
0.9983597101264046
5.055809404782719e-07
0.9999103581092165
0.9998913568986525
3.387281168906177e-05
0.00025399015011583746
2.3595499703558113e-10
0.9997207292520806
1.157100098280834e-06
0.9998968884258566
0.00011024720051987762
0.999998438974895
0.9999980862526223
0.999994262744041
0.0001313641239948462
0.9999925212073528
0.8369769083404707
3.800706083843164e-05
0.002238171414109202
0.9992738670573897
0.9783141509283045
0.00591231676958044
6.6852238235615164e-06
0.0009772182891096392
0.9999637661416388
0.999996418773943
4.0762251644272115e-08
5.160461892125483e-08
0.998407168977518
0.999997242817258
0.0007813631683543171
0.9971737774612746
0.9999419683912386
2.2022822045361967e-06
0.9997587643381306
4.909014246479755e-06
3.414191209117225e-05
5.266835568642294e-06
0.9999756796150155
0.00044480165232970505
0.004885217776645827
0.9999901943195588
0.0001646032466677684
0.9998978023198645
0.9999952419129351
2.10087746871788e-05
0.9999944823194324
0.999863936372951
0.9999989675672936
3.7198994982501426e-06
0.9998699114121792
0.973609647084941
2.451118266992051e-05
0.05540510783023966
0.9884190300596838
0.9999284761350891
0.9998970696833452
0.9974577902077894
0.9995600514156513
0.9997982137439183
0.9999856321611539
0.00048306684074344826
7.098359379864776e-07
0.9998817685271872
9.046924946205801e-06
0.9999988544401386
0.9991410159820243
0.9999829762429163
0.9999320039395281
1.561130771392067e-05
0.00016131617213959227
6.0658233190036834e-05
0.999973109220026
0.0008451471102552355
0.9999904334392093
2.3573399414926988e-05
0.9997533571163938
0.9999259753404398
7.844579545767641e-07
0.9997019299789229
1.7416385744149317e-06
0.9999971043494613
0.999981948993118
0.9998369018639626
1.0473046974411708e-08
0.9997694223103497
0.9999940615038384
1.8927987590116297e-07
9.1529348548741e-06
0.9997845837966688
0.9999663767462741
0.9998277161452815
2.00270688894554e-06
0.9999683998890126
0.9999944209490529
0.9998509599039219
0.9997931249824373
0.9998752311381607
0.9996689207460343
2.4112938367935796e-05
0.00021438657565173998
0.9999987043192898
2.6694345580901904e-06
0.0009038233530756369
3.572830337901258e-07
0.0011459562721070555
0.9996888719171173
5.161233115501577e-05
0.9999345301939854
0.9999952867961085
0.03463088872250352
0.00010185233352227727
0.9999178211449816
1.5950598436086616e-05
9.649170827852134e-06
0.9999989063193494
1.5054088716331126e-05
3.8005997581279714e-05
0.999870109601923
2.0028551499776287e-07
6.3296509050986e-07
4.7416666467839106e-06
0.9999411563141359
0.9968049822556088
0.9999706682544345
0.9997683764638613
9.20202318011921e-05
0.9999938553787961
0.00014118141891258568
3.871630255473544e-07
5.749632680334533e-05
0.0002690906413549075
0.9997230051428837
0.9999376432246934
0.9862976494642443
0.9999871025387786
0.9986292240214856
0.9999968016417629
1.5143441184689664e-07
0.9995452755068175
0.9978656860860194
0.999681866055849
0.9999403800572984
0.9999999460319572
0.9999987705936374
0.9999992383221811
0.9999996703606914
0.9999975737356355
3.2174875660592165e-07
0.5970617570606378
0.00037965246872793734
0.9974876157628666
0.9999596243151453
0.9997511952737864
0.9998993894977879
0.9996114158949244
5.089970705477276e-05
0.998889672421668
0.9999387363233754
2.2736984035521945e-07
0.0005059715861008686
0.9970556332201375
1.3987208678267088e-05
0.42051396947782943
0.9993712477725305
0.998849791778876
0.9996845924336457
1.1791714096863938e-05
0.9999894712579741
0.9997084721786857
0.9999869833587659
0.9999956219969572
5.2572105236771294e-05
0.027396962697635665
1.0691818395713202e-05
0.9972663203292818
0.9999888588256286
0.9999724835980881
7.070058156214866e-05
0.0018058932741585121
2.8004880058701906e-05
1.5988956007137674e-05
0.9999891596706638
0.9999988065331155
0.9999717833330611
0.9997382280054773
0.0034036770922340966
0.999516342036226
0.9999578721269201
0.9995970237337498
5.4070128726469644e-05
0.9994825129873366
0.9997009644700302
0.9999966178347673
2.278629602333758e-05
0.9999268953624293
4.865981859815258e-06
8.079637533102089e-07
0.9999941842998584
2.6778058773539255e-05
0.0001484733617621482
0.9995142022893503
5.17764784008248e-05
0.00039726406025544466
0.9999314086009761
6.093248060426828e-09
0.9997986178895767
0.9997543260929784
0.00022343790102340803
0.0004745155834702265
0.0002752743053683302
0.12861939906009523
0.001141915890595094
0.05487735630862322
1.4846608857712213e-08
0.9985444198227942
0.9979326074275117
0.9999953717523578
0.00701207323453127
5.16882618230503e-06
1.0933823611899134e-05
0.9732016020893011
0.9998448960970839
0.9974694935904876
0.00019187506246744516
0.0031217242047851994
0.999971065528478
0.0002826811622360268
2.153002229507115e-06
1.2062471423706052e-05
0.0008835361696666405
0.9987736592725367
3.849440052261895e-09
4.507538674068844e-06
0.999999675821509
0.9990990047593398
3.536692813109555e-06
9.20202318011921e-05
4.717915231325161e-06
1.1642797259704972e-05
0.9999131981029298
3.785274599923031e-05
0.0002967538037867287
1.3250834846272412e-07
1.2514742401354081e-06
3.0772815275980846e-06
0.9982413420604345
0.14638646031467972
0.00022343790102340803
0.9986051374221148
8.214715499509441e-06
2.3925915903028214e-06
0.99576293311788
0.0002925037738826908
2.531017888044823e-09
0.004348959593422728
0.9995662194638091
0.9999626684786471
0.9999720391523392
0.9997343785168044
0.9862113170612362
2.3404182069122234e-06
1.6765718557010035e-06
0.9999690444228767
0.00019015320034011652
0.9979409678525624
0.005116358336390998
0.9999566020188997
1.8328031130415987e-06
0.03324313828770945
4.213181311204906e-06
0.9999421166952726
0.9991637653576227
0.9990660772110226
0.9999912168191442
0.00036125198116657365
0.9999398928653643
0.00015098151860466514
0.0003883531414372713
0.9999989020368775
0.9999992548817365
0.10717566854448413
1.2816125266780429e-05
0.01921043601541089
8.564438104079639e-05
3.76985824899974e-05
9.301508313022226e-05
0.9963382525699971
0.9999373878970799
5.978933673009482e-10
0.9869411497426814
0.00026534005829568504
0.9999780054579196
0.9999824964627521
0.0030531498500465082
0.9697469480355161
0.9984300251355359
0.9999757463725506
0.9999499767761946
0.999983661708764
0.9999972219835347
0.9999878686252704
0.9998204202106348
0.9997071793096003
2.92613684087979e-06
0.9810339371860668
7.859368121279936e-05
4.97353943569876e-05
0.0005678329347478153
0.004800708632314819
0.9996526441358968
8.911360626367485e-07
2.961141166444497e-07
0.9998612540100302
1.8241917702143163e-08
2.4795556864622513e-08
0.9999950383798885
1.2013010164539008e-07
0.9997670182107895
0.9997364021511358
0.9999877652689441
0.00019252503434026019
0.999960566140596
1.9834642213658165e-05
0.9998621156642066
9.022740500808329e-06
0.9996560395172563
0.0007356115114504261
0.9798266318833841
0.00010500698874495698
0.000417772941360083
0.9999992061714902
4.3994835238595747e-07
2.4126365685998466e-09
0.9998368739569543
0.006210452262376911
0.9998331157701014
0.9999977582722837
0.9168183755859113
0.9996311024093899
0.9993104869320029
0.0001975754073621171
2.6156643137225436e-07
0.999997740175888
2.69099829197688e-06
0.9999792925123041
0.9970800216317396
4.503886372777437e-09
0.9994962988911585
9.525630079842517e-10
0.9999920356672374
0.9999692693568154
0.0003255040749853407
0.0003896377370534053
0.9997918734317861
7.724407725914936e-05
0.0019772618524068575
0.9999053268064615
0.9999557242626963
8.774155511358014e-05
0.9999282837230051
0.00022299115125378174
0.5981014555943154
0.9999661147271656
0.0036850498540980776
5.98452483050131e-07
0.9997314342687685
0.0007092225760447044
7.02181291063081e-07
3.3452218127102294e-07
0.9999490886300655
3.879210044443071e-05
0.9999978858837687
0.9947694849039442
0.9856930773756812
0.9999478379189366
0.00010667908626340408
0.9999510566494608
1.2785155833918408e-06
0.9999979936116807
0.045628148418465256
0.9999668028929167
0.014050184942756618
0.0005759539666957095
3.1169768986369296e-06
2.8908692808875456e-05
7.010572713043079e-06
9.179787924694641e-06
1.2390394370469625e-10
3.4106017203020558e-09
2.8935646192823537e-07
0.9999962471471524
8.079637533102089e-07
0.9999613735421569
0.9999549693516141
0.9999856998486943
0.9999243160441211
0.00015475508049525046
0.928259206217148
1.4791575768290448e-05
0.9994228874156481
0.9999892894697839
0.9996693762011535
0.999999863779943
0.9999149129267567
0.9995344317450223
9.02732863114185e-06
0.9997444564776063
0.975279248471239
0.9931993239606935
0.003606852162574556
0.9999227145139885
0.9999970012565441
0.9999966984967444
0.9746340627581462
0.994826883775928
0.002281944020527878
0.9992770187963361
0.9999823956565126
8.880012117741645e-07
4.5580281581400714e-05
2.563238027084082e-05
5.008274803388706e-05
0.008496080358612084
3.595021002555572e-05
1.0852733315224335e-05
0.9795559264092477
0.9999994702057986
0.9999922108055543
0.0341687005211895
0.9999768188754263
0.9999971962133158
0.9999915471004356
1.4505416045238682e-05
2.60810117660403e-08
0.01051736742147793
0.9996504156287853
0.9999854747691025
0.9999283133783213
0.99999548474612
0.9989949586085767
8.450882852789519e-05
0.9994408290257015
0.9999991143204469
0.9999762693276283
0.9994021595407833
2.108821069222197e-06
2.917563622740355e-06
1.248371311284225e-06
0.9969992898095371
1.584003432009177e-09
0.9999894157673466
0.9999031106815514
8.816568099163379e-05
0.999999362789073
0.9999996615386384
0.9999997127654141
0.00015493993672928798
0.9999977252187131
6.65079552020141e-07
0.9999962462543802
0.9999866615516929
4.8301596394230744e-05
0.9997372429962594
0.9998894621610281
0.9964164290309849
0.9999987190129749
0.9994940530360397
1.1993941093524283e-05
0.9985909726370173
9.88391813432517e-09
0.000902854359006799
0.9999868655846358
0.9999059678094266
0.006042936361398384
0.999997293573148
7.1193414268428e-06
0.004958806696469551
2.88449028278211e-06
0.9998705004495401
1.080517011645847e-06
0.9975266477188918
0.9998943213090463
0.7213853223706825
0.9999820946377769
0.9999927431832328
0.9996978940359631
0.9994331169136069
0.9998512429411949
0.9997803542233022
0.00016078273297061784
0.0001694464349760992
0.9999934592793128
0.999993095715094
0.9973397634702786
6.600455352185878e-07
0.9998514466802852
0.9997926200708795
0.00010306831112779121
0.9999891585175579
7.812159747559829e-05
2.5440424247449124e-06
2.6166901533371295e-05
0.9999987275017612
1.5113759117655688e-09
2.8267153523042044e-08
0.9998936647263094
0.9997949545575023
0.9925595701976568
0.9993423153970143
0.9999548228736829
0.0002553190505551573
0.00012618051451575705
0.9999895746544232
0.00015912672425396864
0.9997436876471055
0.0516962338779511
6.947289525732977e-06
0.014449916328917116
0.9998197196168457
0.9996626604326377
0.9995919439197003
0.9983087418456803
0.999999936194927
0.00036452483593218076
7.657082728642274e-05
0.0009247252867047473
5.303756238556726e-06
0.9999143416823622
0.9975193687018378
0.9981017611399328
0.9972679242216187
0.9999877455203682
1.0909010483984705e-05
0.0003653089076996744
0.9996884196543387
0.0009324321595109941
2.70120375303533e-07
3.951492185838425e-08
0.9999973538813032
6.369006010952743e-07
0.9992658843703536
0.0006714888221659055
0.9999925710520374
0.9999990435505053
1.330555601059292e-07
4.6578017424370324e-05
4.2447375292677495e-09
0.00014824957279260684
0.0007939539317424867
0.998395529617023
3.937435956539363e-06
0.9999985238863639
0.9999097172575823
0.9999862677619892
1.5113759117655688e-09
0.9999558711817598
0.00238656845271767
3.9912513711856957e-07
0.9999991844846988
4.925405688080445e-06
5.246980553313614e-05
0.00010712651901554768
0.9997612050940448
0.9999978614733167
9.137641724711897e-06
0.0001167917201749574
0.9998459000389349
5.8360289261742045e-05
0.999931331808976
0.9999942841486559
0.9983612022231463
2.1888839124887906e-05
9.439748178220586e-05
0.9999930967206826
9.917942213544997e-06
0.9998900521682738
2.3047071351463866e-05
0.9999301235664901
0.9998856666646687
0.9998729485038873
5.423571581872849e-07
0.005958019037149676
5.738199810247155e-06
0.9999982104506157
1.3917330473689124e-06
0.9996430434501591
2.6597468776140237e-05
0.9984828870769609
0.9999999869802779
0.0002047686183824615
5.401908166418972e-06
0.9999998530622741
0.9998686622118244
0.9999998945717705
0.9999719475250836
0.9968966191677617
0.9999978704899996
0.9999902413861882
0.0002664446990229728
0.9991922686487418
0.999960155998412
0.9999914377693521
1.951577486901469e-06
5.360272637805625e-08
0.999996947400289
0.11615427869253252
2.8881352013138002e-05
4.7416666467839106e-06
0.03993574801264328
0.9995486367074639
1.1641457143255725e-07
0.00025164229866919517
1.6765718557010035e-06
0.00019618996129937462
0.9999242983780051
0.9978058969394247
0.9999995796525059
0.9999940940514626
0.9999963016725281
0.9975893879617913
0.9999709491305926
2.7494483024300793e-08
0.9995739013096329
0.9991048191916052
0.0025120021592583974
0.9996553877674539
0.9998757247998841
0.007819757662122763
0.9987253710577096
0.9997223767861974
0.9995450382937575
0.999979943716884
3.387281168906177e-05
0.999997077503359
6.796829995093632e-05
0.0008990619479062657
0.22733013461679044
9.67230856122782e-05
9.72443266931804e-05
0.0143587758174624
0.9999992286143273
0.9999522885442311
7.47308084127973e-05
0.9999992806342733
0.9963030271745623
0.9999978687706745
0.9999201229944187
0.9999347893342491
9.740833013936989e-05
0.9999972740747288
0.998631263496512
0.9999293606047973
0.9999993103368003
0.9990617242943437
0.9999817842592944
2.637132868270116e-05
0.9999843898748492
6.846378851756525e-05
1.659863194545668e-05
2.5970334106056545e-06
0.9999009242851005
0.9999611020811092
0.9999831581755182
0.0006654062484883063
0.9999938637305779
0.9999924007028779
0.9999377212211676
2.3703581159916453e-09
0.002346175400813006
0.9996946397799535
0.0341687005211895
3.1634636694271783e-06
0.0002548793818452718
0.9322023357620832
8.926219914968628e-05
0.9999998549614623
0.9978860499805186
0.9999639294816144
0.9999513497196066
0.9999977409474646
0.0012646983211206755
0.9999995216871447
0.9992289333673295
0.9991060137820312
0.9999974817186957
5.26375235609839e-07
0.9996827098030487
0.9999800486974519
5.04273177919207e-07
0.9999910569172104
0.9999527398427768
0.0007569529608737702
0.999611318646426
0.9985190854657473
2.180632521366309e-05
0.999840835833232
0.9995339878775297
0.9998724025503923
0.9999606105791112
0.9999533974956032
1.664603030299324e-08
6.913220070187325e-06
0.9938484097897492
0.9980290364812296
0.999949230811334
0.00024921732903164875
0.006597946820505937
0.9751259121421234
0.9999452184256639
4.439979014520198e-06
0.00027372981292699705
0.9985862982344831
6.231680483095486e-09
0.9991099058480868
0.9993032463233086
0.9999897843163108
0.9999862526547295
0.9999872399432908
0.001785925622981898
0.9999478756942219
5.860182964432757e-06
0.9999678691194148
0.6514104352568881
0.0006171543222443369
0.9983108826272106
0.9999864436608382
0.0001468702944463536
6.696621566392106e-05
0.998796710782425
0.9998266847967006
0.9999515900098387
0.00024366774734082677
0.0002526911067489014
9.409463059096203e-05
0.999999886904454
0.999889876155683
2.3573399414926988e-05
3.59838484020792e-07
0.9972998664980521
0.9999998974010377
0.9999974984420373
0.00015912672425396864
9.917942213544997e-06
0.9988622302581655
8.205862936991104e-08
0.9999347854343059
0.9997926333699287
0.9983378035325607
0.015791360478272523
0.9973066189237303
4.796600654562596e-05
1.5645504624188176e-05
0.9998977623244258
0.999791410245619
5.043512421066849e-06
0.9999993256576403
3.122848893286084e-05
0.9995843968659552
0.9999930601974685
0.999993163823906
0.998184100482864
0.9999979313794976
0.999753739931445
1.3117858804724766e-07
0.9999744995026834
0.9999927612955252
0.9999878805533833
0.0003127767922671114
0.9998156861898213
2.7617200541650144e-10
0.999993605094664
0.9992882722488335
0.999993475953084
0.9987005258332857
0.9999567402285438
0.9999951930205172
0.999998869118194
0.9999993080202692
0.9998069877001884
0.00045050765936697167
0.0006406282820490088
8.931521041045518e-05
8.365571432402243e-07
1.7818184183640265e-06
0.0026607969189355518
0.9998006769089065
0.999995684796654
0.7577920016785321
2.0182258826954586e-06
7.861248253539733e-06
0.9998127800339842
0.9883630163429064
0.9999964960675595
3.6528841686817914e-09
0.9954248129987546
6.659283243751059e-07
0.9999844514315823
8.310937686998569e-05
7.560928318382492e-07
0.9999558366360648
3.58337988844454e-05
4.9230472277129535e-05
3.3169336531475137e-06
0.0020079218340707337
2.641413887676294e-09
0.9999997558634717
0.999952137234274
0.0003690629533696995
0.0009474292892845633
0.9985201910219683
0.999961658349715
6.297124378831571e-06
0.0002020311282111701
7.483456765687887e-06
1.5429548266852007e-08
0.9999791525707434
0.0009799261507646949
0.9999999405062727
0.9999681923657517
0.9999823069655686
0.9999981105825825
1.431319002380906e-05
0.9997106090930092
0.005069156308878197
0.0015776727873116232
0.9999852215683079
5.3222490646437324e-05
0.9917282790685046
0.9780748649547963
0.9964488739759143
7.862472189381919e-07
7.508293740234802e-05
0.9999918933498968
0.010414642068093935
0.002340605412248613
3.575290887825208e-06
9.65399620017683e-06
0.0014636670820002092
1.0351465685116613e-05
1.5037171330063857e-05
0.0012893603337758828
0.9999980490233031
2.1069838896240923e-05
0.9999855393057122
0.99999810576033
5.135662446915635e-06
1.3840852665762779e-05
0.9974810476354641
0.999998924498324
2.5388890114354113e-05
0.9999282575988977
6.369006010952743e-07
0.9999991826088178
0.9998837597961769
7.214115123379851e-06
0.999997980760923
0.9999876103474956
0.004349704078877998
0.9996725260946547
1.6239987671578212e-05
3.379756843251703e-09
0.9998629458445629
0.0002276609478459706
0.9994557822917441
1.1585249447905535e-05
0.9975750046111157
1.043458815910536e-06
0.0001017790285914865
0.9982723587923864
0.9999965414381772
0.9998887619393586
0.9955761223009028
0.9999703433254427
0.000410248319792762
9.238860881037293e-05
0.0004830983087855641
2.0719185644247627e-05
0.999298994593098
0.0002139684973187603
0.9999556728336179
4.0591365217185004e-05
0.06409722973847756
0.0014750766824430854
0.999921564921351
0.999383778923112
0.9975412992371533
0.9997336842214266
0.9981389927428538
5.812444334520742e-05
5.993301253628602e-09
0.001185612337356374
0.999326470082192
0.9998879612757535
0.9995560922053006
0.9994206657658569
0.007288775289832919
0.00034628897230090335
0.00020096243753158283
5.0987597834478596e-05
0.99986542039988
0.999869545593059
0.9999207979424088
0.9999986298421754
0.999999675821509
0.9976911878128454
0.999984151237226
0.00015275966719370367
0.987724328017566
7.713001873029332e-08
0.0011496396901683045
0.9999035982227444
0.9999997686088361
0.999946366219019
0.9999211040462038
0.9999992015387339
0.0034886258511334016
0.0013263901905740914
0.999919777886784
0.9999900240237889
0.00239202360434444
2.1088889267181052e-09
0.9991760693015342
0.9999955244758035
0.027227767924702537
0.0003609176394539929
0.9999826769009217
4.008089552761541e-06
1.022487849522233e-06
0.04168859050243369
0.00011266046706722799
0.9879488428722453
0.9999559098813686
9.05503200490714e-06
0.9999958705376242
0.9966788948813068
0.004175056659707277
0.9994068563720213
0.019340091982781422
8.537808539170766e-06
1.2255679617248482e-05
0.9999027806909802
0.999991965458922
0.9981615425381488
0.9999986178080706
2.3774871025120697e-06
4.5799246958613864e-05
0.9999796032807399
0.00035157016170421333
2.919352748224782e-06
0.9999947736737347
0.9999982688090859
0.999395622824174
0.00024888399436493147
0.006942310083208537
6.620519372775953e-09
0.9999932486546788
5.610856651565867e-07
8.30303025361863e-05
0.9999387462322034
0.9999691668103553
0.9998614575570459
0.9999141356750385
0.998949597180635
0.9999992927966388
0.9961763889085833
6.946369598081997e-05
0.9999662268179773
0.999598418953092
0.00040474275249440233
0.9999951928631612
0.001233011622828808
0.9999865045538326
0.9999997361808958
0.9999950543851324
0.9999747143110876
0.9999638846323688
1.7795180615942844e-05
0.9128732235586434
0.011345123946527908
0.00019527394229080754
0.9998824137664165
5.15347384568941e-06
0.018077254048996443
0.0004083393245999214
0.8961476967021338
0.8212412343342547
0.8480208832654375
0.9874431735556863
0.9934927575371317
0.013830581446821089
0.946601835872844
0.008617512356063372
0.0012358700150314613
0.9731553619222715
0.9998164863614261
0.0034130201838986247
0.9872699934556605
0.9759191315099675
2.3591230108527652e-05
0.993036800539064
0.7645868073214657
0.9962305491399773
0.0004991623817980538
0.9317178345927822
0.00014587103736225297
0.0001360945623253207
0.9798390667557839
0.7951770622314237
1.1725989302721324e-06
0.36162159751840645
0.9258295488440821
0.048835268283804786
0.9670063174008905
2.2902258002607253e-07
0.4803815098075449
0.9800689310110994
0.9899548676747804
0.7885619781120992
0.9001011871476596
0.9927048572536217
0.6006703072865074
0.005456321412624295
0.15060839331285872
0.5374436287963686
0.8640581274834805
0.9220266723680232
0.9854814214363795
0.002568250167308254
0.0028186295738337384
0.9440534176499873
0.1339859370480026
0.0233172089479666
2.152666466469258e-06
0.9466418748674872
0.11175978084568827
0.860037626828432
0.5700281438690531
0.9989652419117481
0.8609160459203352
0.003536342088978281
0.00019180239949431095
0.9984633795413397
0.1335880127587883
0.8848540564051267
0.5789381080285904
0.004740413330511978
0.8599182682175812
1.0473046974411708e-08
0.8364006113447668
4.190836508134078e-06
0.96247121979868
0.8575045166043477
0.09379173593416014
0.8679846864141249
5.653501594800139e-08
0.002797347455458255
0.9284106754736762
0.5367614788418064
0.0006013010382753567
0.5841202197976108
0.9235898273777967
0.9455589405856304
0.9881541140380751
0.9986894572855884
1.104250721815989e-05
9.20202318011921e-05
0.9715706713623691
0.8991731607483072
0.8015450098911052
0.7807594103597275
0.16805748567212433
0.994165777274235
0.0002179809861892736
0.9842489409431785
0.06295013447256868
0.00017823739554440838
3.2012827189532716e-10
0.8545549493182019
0.10254066284185227
0.9932484301876214
2.1541110291025607e-09
0.7272113068096672
0.9969562658618099
0.928259206217148
0.9813522154313888
3.756799541626665e-05
0.6330110165479468
0.8544799905816706
0.007567100282847168
0.9518356653922844
0.014900564009587119
0.08499797558185103
0.9885052347992168
0.9998026415865796
0.3228723315447917
0.00922952799491788
0.8899732173362302
0.9743552485917923
0.014426633702030678
0.8804615341843877
0.8156849620542121
0.8656485822804417
0.7902165034503911
0.7381962521495052
0.031011034268522808
0.8877292895829049
0.9942468556669918
0.9893541155859146
0.842988289129906
0.3388498218654761
0.9482470470496455
0.9614566929792209
0.0010512729659378816
0.8791770549528664
0.9567803933612072
1.664603030299324e-08
0.7838270707210697
0.9390270317290215
0.00022239937581434435
0.1538524783306262
0.0013608045624043193
0.9881134902375728
0.9973363257144617
0.0001822800225164047
0.010923187184995024
0.1847930049332684
0.9994196015183117
0.041286228307836285
0.8926533715324978
0.044531019266952215
0.058946348262357395
0.9790641911841936
0.5396556269575726
0.9348167874021646
0.002233908059415433
2.1586057027514788e-07
5.265575944086765e-07
0.46122748428473537
0.1227962820693009
0.9991926044265297
0.04094964378225692
0.999884858624489
2.4042152636087646e-05
0.00026542643045289753
0.12630108930466794
0.011514580252531301
0.9676458844939624
2.0161037099650046e-06
0.0009439185143502409
0.09822796153443174
0.0958744092741552
0.48586730206454876
0.5809862880266805
0.02730050378644712
2.1527797696018566e-05
0.0178221340046885
0.9263138043044813
0.7156344697072847
0.9660016239347851
0.9670352816658871
0.9992050819968065
0.999983166344462
0.996807504294486
0.059973773951387456
0.9482208326222314
2.7731092098656722e-09
0.3583781953330727
0.2167233156927134
0.21953933587189875
0.9533993189057662
0.9934363234185166
0.0005572873328772505
0.9513599180781108
0.20116490257518121
0.09148820457622484
0.9957047391491397
9.164390923289754e-07
5.602051022117653e-06
0.9913571607574024
0.0036134841608036544
0.9446751747545028
0.9997802861261003
9.995256599967362e-07
0.2942281343307343
0.001963724328321217
0.9940606027020812
0.9850904206282114
0.42446041410890584
0.7336459637397083
0.9958181928726573
0.9883690393963978
0.07080120255116956
0.9226416940181189
0.8862663689652933
0.9849469675081154
0.006209609425186798
0.019262666300380368
0.9986987932747557
0.99799086714732
0.8800173669193442
0.0010983511866630431
0.9112542236341616
0.13116733620898366
0.9667718517223424
6.09328616251673e-07
0.05449467221304552
0.007720892965610463
9.1529348548741e-06
0.05074182424945375
3.0695072352381604e-07
0.9891887039271194
0.6728981050862178
4.020838112786271e-09
0.08134122912435256
8.106976096043112e-06
0.9949775545063521
0.018768336184756804
0.05883233019147435
0.013703541278269922
0.6718747725550608
0.9898530247365965
0.7011265511173382
0.9993784124959344
2.7494483024300793e-08
0.9600229889140078
0.8730742656176913
0.9565196070266822
0.7426457498023068
0.00036037275857974077
0.504208217449068
0.9772466068052111
0.01796345606539026
0.8900839379892291
0.9992881349835308
3.1634636694271783e-06
0.8637567715884497
0.3719377524043369
0.0032520934453688583
0.9981090681297151
1.631790530375215e-05
0.6850723376617801
0.0006003155961251249
0.9799465422525515
7.081004048063648e-08
0.8690582126524052
0.9314785898628847
1.664603030299324e-08
0.953775736347667
0.6788699031484726
0.10883736301775715
0.9836044076867266
0.00031348591181376014
0.9729189479920672
4.549368162121848e-06
0.5447768257060261
0.9808156252094504
4.510598968338957e-05
0.03868675508223879
0.5761296660660689
0.6493225511714317
1.0351465685116613e-05
0.9998787624564937
0.1439121552712519
0.0009508290012096059
0.00020613401939727422
5.566666740721106e-06
0.9972711871424624
0.9988037516128466
0.8511948756157346
4.3990815360072797e-08
0.992798802069487
0.00013711253903550793
0.43056337888495566
0.7636593400119887
0.9966037815555382
1.0478206900255353e-07
0.5784221703694309
0.945058730256235
0.9947181232166081
0.20915846815118513
0.9840585743663707
1.5758472408219816e-08
1.4121874381591673e-05
0.003839084972476497
0.7811057548688611
0.23921502925073704
0.9329215549020553
0.8907947014411794
2.92613684087979e-06
6.093248060426828e-09
0.9080542439268495
0.6948298884433427
0.9187589631753725
0.9798249666880511
0.44974934389209775
5.4548314006927583e-05
0.925637275708858
0.9650069730922944
0.9960118090125104
0.5925253116066946
0.06723618452828534
0.9954946052629214
0.009021983148404472
0.6994799285404449
0.9826496380727803
0.6203249071259616
0.7249742164815873
0.21152394162075577
0.0022488245632737327
2.3703581159916453e-09
0.9058000229215232
0.6393198889648225
0.05558955929549073
0.2459031084335519
0.9609252727030495
0.9999981742382187
0.7889740049366136
0.43064598117886943
0.9793004560097578
0.8757257395351494
0.08536059401397224
3.1773903799841434e-05
0.9851810997419559
0.3541534911503945
0.9998686167268219
0.0005107725305078687
0.9908597076861321
0.9937357058445025
0.9822271708242089
0.6300579163080022
0.5416033951646178
0.9697874293109987
0.0016486023195991244
0.9306478355876583
0.9428920561879897
0.9785119989518067
0.2971523576580806
0.982852592652496
0.9068230489081611
0.9969201313659707
0.7887693689936177
1.844313327570776e-08
0.9750982683142332
0.7240275886594009
0.9933991986320976
0.7034646016294455
1.9538085881231506e-06
0.026083677355104837
0.9996679128307624
0.9760357491940332
4.819423864555246e-09
0.11991532046138594
0.8032118688210559
0.9673870416180602
0.025006358678615812
0.0019110966204255878
0.7388340238658108
6.414496490159095e-05
0.051300698360320585
5.00029916584339e-06
0.8128818586307922
0.03766224304488799
0.0002651043400436248
0.9583728727337503
0.9755416945063827
0.018127358316366818
0.9212940682106956
2.0587619981094736e-06
0.011324358533535056
0.9984914043164514
0.9957206547963477
0.21422016890849577
0.38425433567258366
0.9812074721223917
0.00034814955435222517
0.7682685193485722
0.31803460828783164
0.14295349262073595
0.3935668077538152
0.00015966044341886673
0.434979340999676
0.9937120187440075
0.6476687740870264
0.44565981126645043
0.00041870292242749275
0.9941548164867927
1.104250721815989e-05
0.00952668144789874
0.0048257378198019825
0.9946125136480888
0.0014344653300695598
0.9554977056901751
0.9463346805962571
0.9961514872384823
0.00014127686319124306
0.998106139876934
0.03515629573036707
0.9937115049628295
0.9384828096203081
0.6518114986425607
0.9304874060606871
0.00016322211603671594
0.9970865146112569
0.03737648483526264
0.00012728851957114366
0.03725552109532657
0.9931137500635021
0.9985396670856177
0.9848596701048596
0.95646535622101
0.00013666836079987964
0.9618813999113757
4.510598968338957e-05
0.8798821379988976
0.5927230140323616
0.37811839732156904
0.00014358791998484802
0.3870978745474069
0.002769468143489394
0.9929013862883094
0.5230539329380142
0.953651972444236
0.9769092082800124
0.9501230923098174
0.8096660851982596
0.23292859908120442
0.9541912532043596
0.0012744607968336302
0.9626463671748079
0.0006291868491525693
0.005241077675636977
0.9943431977598646
0.9520322992160181
0.9869813843249591
0.9835322322248782
0.7072629710514747
0.9997912593320889
0.9992798722160031
6.205768862545664e-05
0.53789714102757
1.043458815910536e-06
0.0002441576099751281
0.9782213566185255
3.1634636694271783e-06
0.9559948291814332
0.4377269563746803
1.1428169629866498e-06
0.003565176025860599
1.4846608857712213e-08
0.9911335090401037
5.131625216657525e-06
0.9339200055793766
0.3644904049908253
0.9734717409172375
0.9658366328920643
0.6866790564507091
0.9495169220643394
1.8014709986858958e-05
0.9930751211705051
0.8580764599990702
8.816568099163379e-05
1.7373541749951052e-06
0.12322646819480819
0.09349619929336167
1.8132352214532458e-05
0.942390390642636
1.8182520679058857e-06
0.008898132528202301
0.357973545890472
0.1436461825074984
0.6223633284642303
2.88449028278211e-06
0.7265017104228714
0.5384906059102983
0.29974155094826377
0.6307941257944641
0.8513156355267845
6.098161024674141e-06
0.8079996131070215
2.4126365685998466e-09
1.4701111334081076e-06
7.0408244975460995e-09
1.9261839894992067e-05
0.999926458358822
0.8445420294960916
7.057201559896797e-06
0.9838849896031233
0.15309230492777867
0.47322940344412456
0.7971792930910232
0.9103482818947563
0.9354435128684889
0.9805389397353006
0.93014732894431
0.2614153240770171
0.9996862882046859
2.5253946161308076e-08
0.9911010458363677
9.1529348548741e-06
0.9237617595526241
0.9594479914906842
0.9081758313515602
0.9929440007140382
0.33581422915136294
0.8671449120715141
0.6605637033604671
0.5093185823394547
3.269197045640076e-07
0.9506776738831333
0.7837429824740844
0.00013143977847563393
0.6581426169819143
0.9926448550485909
0.0020997640188099857
0.6251385036038657
0.988033983216784
0.09512381353079495
3.325283833636434e-06
0.5572727272727274
0.9770712316072665
2.145780328266974e-06
0.8704040462439582
0.8049455283946697
0.09753826537453865
0.9571754780067884
0.5486989036420612
2.784574958035754e-05
0.9601922510308839
0.49815505817385325
0.8690151063536041
0.819446568553388
0.0029345595830522096
2.8146317968120197e-07
0.792273349764515
0.956966040813714
0.757601195584803
0.9626622026326233
0.33701765181953525
0.9998061973672747
0.625629372213566
0.10684001012089789
0.8010737660319598
1.1096844143526954e-05
0.8666889277298403
0.01102610346871306
0.0014312378490894248
0.0027408386673746787
0.5103481616702388
0.00024306413863679736
0.4997708896061644
0.1364028875174128
0.9837336917976177
0.9004115568154804
0.9916930377526568
0.9071414031137139
0.9478357748732852
0.9575883266928223
0.05565426648911525
0.00015322385653387724
0.8707126070115637
0.0008317250125645197
0.4207817914296852
0.30317784379660184
0.7905373565298189
0.4802684357152719
0.8629513503549547
0.9081245925939226
0.0007293606628965201
0.9870262406241357
0.0016518962870951269
0.5362132054212373
0.8084701732622027
0.6602443301645253
0.9612322508746904
0.1318489998462834
3.924689433986612e-08
9.86024078130829e-09
0.5734223915075994
1.2381345297475778e-05
0.996974928812222
0.9498284065381644
0.9981786554433495
0.7613927250682835
0.9996196500572789
0.3178957145232524
0.002142962318578648
0.991656827984462
0.6810502977656911
0.14949649070366933
0.9994987122465634
0.04148835812928586
0.9601430393215026
0.06433105999086246
0.0002651043400436248
0.9818553491013482
0.9999996547943254
0.8137524358113462
0.9898131592033617
0.988030940954407
1.394005132463509e-05
0.1337959631555005
2.3573399414926988e-05
0.6208467279924307
0.5455676151102153
0.9939486770593938
3.2253131347460953e-06
1.6290519501619959e-06
4.40071342266313e-06
0.9866858960905877
0.9741534710007288
0.8747730530472212
0.9321877019059398
0.330862649670476
0.9989062118928945
0.09540568731489725
0.8822798751431677
0.9846096141299748
0.17376211610555928
0.7790233954304934
0.9665538940026127
0.46513350479158944
0.8668903146851386
0.8301758347855984
0.9323234345861388
0.006042936361398384
0.8975104807158644
0.6890498862964375
0.321656904069752
0.2753158875722461
2.6694345580901904e-06
0.993625407670065
0.01786187860059663
1.104250721815989e-05
0.9698522250376018
0.3805311156678514
1.5158148544329954e-08
0.7226968865375207
2.2777146219925276e-05
0.9390552184909451
0.9431224906950818
0.999962532226217
0.7077263062910403
0.6229430624251878
0.14328544985865466
0.0001505751782430154
0.9997084353987383
0.4379556909998051
0.8845638220825626
2.4126365685998466e-09
0.5572727272727274
0.9895444491182874
0.055514070472178725
0.9498835816396047
0.023858552291987876
0.9977081919977724
0.18661790883229984
0.001796896227773628
0.9964450464971466
4.33268032425813e-08
7.822236867602823e-06
0.9903087678663525
0.5804209087859467
0.9722135532049353
0.0004134788595403586
0.7753316998066333
0.8403707742309806
0.5278791155702633
2.455330961878959e-05
0.007056538500487577
0.549943360719805
0.8600571798968344
0.9982500493552655
0.7426212843164
0.9198351129329491
0.00010555757831991368
0.8862207216855675
0.05112287073314236
0.980561951894307
0.9902876673633421
0.0001620862486999578
0.9561542653694132
0.6764874370590729
0.9256586697057984
0.014211168608872745
0.9991673246508898
0.0036460856094064032
0.8118981458482829
0.08730923276071662
0.00034576185178064557
1.8720253274812175e-06
0.9874323930527844
0.9316430266776429
0.9779270561628058
0.2349505548490236
0.01592470540607126
4.041183982196987e-06
0.920861273410973
0.0010734060095152248
0.9864241457421623
1.4577861068726485e-06
0.17283875292964004
3.817698956003792e-10
1.4262682490178598e-06
0.9994444751603074
0.5374313172592462
0.9941800504652187
0.9392769798407381
0.0046318324900147395
0.9304573445486302
0.9926018299404185
0.999599986229547
0.6059564155773405
0.9890890891937734
0.9997066274094952
0.9920518391990282
0.9995095582999456
0.8534079486877527
0.9487112261918546
0.14849516362548507
1.1594905130637238e-05
0.9822545501537495
0.9744459369232565
0.16797387513778028
0.19235714811731025
5.654314766363191e-06
2.408571361321134e-06
0.00018641943294152915
0.9979791638076272
1.0473046974411708e-08
1.6923956762197937e-06
0.0005623633250102294
0.8183154476708621
0.159259129876209
2.5403072181383147e-06
0.33714543803101343
0.9302881579546126
0.9340665457938885
0.9885696596225789
5.812444334520742e-05
6.516218709421005e-05
0.9563431572250817
2.777908706398542e-05
0.9772048318321708
6.776482003934175e-06
0.00026595658511729985
0.8406014203406766
0.05164564107617367
0.00687991845329638
0.6623377977002314
0.5152598327977328
0.9842875084356417
0.8829368373724474
0.8034626004324898
0.999678239490144
0.00024353196435121155
0.20929891557930488
0.9977619280338624
1.532743919735081e-08
0.8819944503200747
0.8441886144445123
0.9995623968060603
0.017063076563635482
0.9710619274237353
0.7361352416269471
0.15889431747847238
0.027612393128453618
1.5941576394302287e-07
0.0062618704840620605
1.24393735430206e-05
2.5253946161308076e-08
0.28542091173602974
0.00018156272357562907
0.10458102901087982
0.8160034752651445
0.9932212310503467
0.011551958043897947
7.879997789196443e-05
0.9951627243300668
1.798310720677362e-05
0.000798018142107962
0.0005941543850956208
0.0010512729659378816
0.13983419848119133
0.905845292726031
0.7539778561556819
2.7022387769701667e-05
0.052873955773217
0.00018120095951251324
0.9562963660245862
0.8883888145681775
0.824704700776537
0.0012084118143775445
0.03639325251834176
0.8811346099592581
0.43355096349067607
0.757264018749147
0.9547046331662226
0.8938872142535537
0.051427868621613686
0.9983038391169395
0.04768127918472216
0.2689952534358167
0.11192528366145238
0.17866985182397407
0.5414456070133419
0.9909711142733798
0.9934973885239363
0.0005181464117532815
0.7192682727800669
0.6456786353702183
0.998835247074681
0.9705676599214677
0.0009784177826045594
0.15652829339184354
0.9653405004324811
1.4482442909691108e-09
0.6952328819330394
0.8893904636857264
0.0033234268137447816
9.722733855946979e-05
0.9310187520276249
0.9856930773756812
2.4695458076588695e-05
0.8987693103587222
0.9776016808556928
0.9542932447840498
0.5315076825647163
0.9241173025757828
0.9916364507805941
0.5755441487922429
0.9963065690529426
0.987954041969312
4.300439073141398e-05
0.4455562461739608
3.556323806248397e-06
0.9285131224017711
0.0001361463351592762
0.4468845258334483
0.995934405791242
0.45029150542414026
0.9997906522990365
0.9445241771986674
0.12437617722017934
0.4688726069986261
0.9982519599645083
4.682346777573004e-06
1.2682340178207055e-05
0.6310317238970634
0.010177388587380484
0.9201027436476662
4.0762251644272115e-08
0.5103481616702388
0.9785263786939965
0.01916338322679985
0.16647425492735485
0.9924453629297033
0.18682610340294306
6.0956107764486884e-06
0.9732307412868478
0.1865015864636996
0.854617419620399
0.9822927810915933
0.9831135857831915
0.6083071358594005
0.9723361581567553
0.9887909065435874
0.9002610763789436
0.9931530661273892
1.3369771947972072e-06
0.9993498396048057
0.5379023126615974
0.3454876032998006
0.8644712536356016
1.9924172405164064e-07
0.8095724899951313
0.9530993715167262
0.0032110264165773118
0.8940213733053393
3.3028687886897796e-07
1.967194823821762e-07
0.9734247394383241
0.9201141107455036
0.9644579841968889
0.26668077586313216
2.2017750330153146e-06
9.694687105961477e-06
0.18121033361424624
0.03406497033426931
0.6067572065644858
0.9900384012743969
2.408571361321134e-06
0.9308789213733658
0.00015220494896658478
0.0010792211652797998
0.31666442715976634
0.10001934601395521
2.995727934056228e-06
0.9975573186584331
0.06973788291715491
0.9768333633081966
0.00012119132512657516
0.9985814779327621
0.9189114726315398
2.847919376753752e-06
0.3106007165084408
0.9161561152293087
0.9965417615103549
0.9997638230077011
0.00014343521663485995
0.9106142080537074
0.5199946964597886
0.0019390874993939532
1.0298691922663207e-05
2.4316894635759082e-06
0.013571563411211568
0.8290344697084077
0.9673111514642401
0.451172605162861
0.9997349725512009
0.9886303684780299
0.007250262823639372
8.417506248728648e-08
0.3930194385952217
0.8840585406675879
0.10427636139170664
0.5423879378485658
0.8224015943063501
0.9307065717917902
0.8970974868855192
7.253372197334574e-05
0.006421334750365417
5.909400796753581e-05
0.4636047388815624
2.6437891260253156e-08
0.997097018898737
0.9581466854806773
0.8883193136827038
0.4507400939143779
0.917565309331113
0.7227451847743767
0.9385419057141186
2.6795558965298333e-05
0.9766579978913339
0.9943562806479499
0.00010513196133232702
0.5274052123205637
0.021463135896676196
0.41195341452064504
4.510598968338957e-05
0.654577828728223
0.07277168120516596
0.9257651103431819
0.9979710531931864
0.8671041679584389
0.98858903857744
0.9233815524229555
3.556323806248397e-06
0.9927048313926558
0.0012186928654754066
0.00040921719098514124
4.549368162121848e-06
0.992903062466514
0.0012094991954037682
0.9718664143779246
0.8651951626046321
0.9939001625884815
0.7663318930660626
0.9937195465285155
0.005529936138586186
0.17901871873111766
0.4935975830431493
0.09196660815805942
0.11954649332478053
0.7506005517990104
0.9702680495411944
9.410308301611082e-05
0.0032401059325495173
0.9843248719723414
0.991945125228722
0.5870885407706458
0.8014460953330793
0.8940213733053393
0.9980486532243439
0.8998096766289913
7.659504130207702e-07
0.9949188619641508
0.9741038818778179
0.9852730566848504
0.9681947931795792
0.43513749705337895
0.08805455256941969
0.002797347455458255
0.0009161207914645039
0.9983374757590008
0.2341492829320866
0.00042016856913612414
0.9772553311979654
0.044630063060522716
0.99044407112253
0.9539923850257865
0.8586842745224315
0.999281635088574
2.7755537707091868e-06
6.564230227724078e-07
9.86024078130829e-09
0.5908015308365399
0.04077893106110076
0.0013287376464568615
0.9699475722519166
0.5176622968388538
0.9699413398664325
0.9992836463925601
0.06428285414030033
2.6437891260253156e-08
9.20202318011921e-05
0.9999972578836998
0.9937608661739232
0.00021667127274710914
0.8928484250721257
1.313053970337362e-05
1.043458815910536e-06
0.16952417756653576
7.461014479119755e-06
0.5069644006797424
1.3500525635354474e-06
0.7150458117565868
0.6825616343174009
0.9053540750940274
0.9884647456980535
0.5118782589919864
0.45924363236627275
1.520145473966479e-06
8.683715459035918e-06
0.4457000141083419
0.003386217245971397
0.0033145514017868466
0.6128802139758308
0.8735893042497308
0.9956710142176796
0.9989526180113022
0.0002763959419946764
0.8011956539049231
0.006934515418360534
0.7699292601908615
0.00010380350273087964
0.9909112261465378
0.961008579323286
0.004239912572994203
0.8972060651439836
0.9940382375061403
0.997598587058242
0.9882114829573795
0.9729984625311192
0.04311179061517802
0.9009038511154303
0.9896194352189541
0.6737564857880468
0.03437948236956453
5.091084255285601e-05
0.0005179600204057972
0.9975958591742058
4.8571449353037865e-05
0.8701288127631348
1.1342044577028714e-06
0.5841500030992559
0.6782712275200778
0.45593025492680683
0.9888095207244052
1.0351465685116613e-05
0.9150214007239551
1.997421783523218e-05
5.131733131553744e-05
0.5598172281350116
8.918119419491662e-07
0.9455597951669494
0.34075973200028964
5.6137278687872036e-05
0.6717710583020129
0.9926150449341361
0.693220840056446
0.4534081692994441
3.4159476567007935e-07
0.9861280601300941
9.3485081383571e-06
